0.000000000000000000e+00 0.000000000000000000e+00
1.000000000000000021e-02 0.000000000000000000e+00
2.000000000000000042e-02 0.000000000000000000e+00
2.999999999999999889e-02 0.000000000000000000e+00
4.000000000000000083e-02 0.000000000000000000e+00
5.000000000000000278e-02 0.000000000000000000e+00
5.999999999999999778e-02 0.000000000000000000e+00
7.000000000000000666e-02 0.000000000000000000e+00
8.000000000000000167e-02 0.000000000000000000e+00
8.999999999999999667e-02 0.000000000000000000e+00
1.000000000000000056e-01 0.000000000000000000e+00
1.100000000000000006e-01 0.000000000000000000e+00
1.199999999999999956e-01 0.000000000000000000e+00
1.300000000000000044e-01 0.000000000000000000e+00
1.400000000000000133e-01 0.000000000000000000e+00
1.499999999999999944e-01 0.000000000000000000e+00
1.600000000000000033e-01 0.000000000000000000e+00
1.700000000000000122e-01 0.000000000000000000e+00
1.799999999999999933e-01 0.000000000000000000e+00
1.900000000000000022e-01 0.000000000000000000e+00
2.000000000000000111e-01 0.000000000000000000e+00
2.099999999999999922e-01 0.000000000000000000e+00
2.200000000000000011e-01 0.000000000000000000e+00
2.300000000000000100e-01 0.000000000000000000e+00
2.399999999999999911e-01 0.000000000000000000e+00
2.500000000000000000e-01 0.000000000000000000e+00
2.600000000000000089e-01 0.000000000000000000e+00
2.700000000000000178e-01 0.000000000000000000e+00
2.800000000000000266e-01 0.000000000000000000e+00
2.899999999999999800e-01 0.000000000000000000e+00
2.999999999999999889e-01 0.000000000000000000e+00
3.099999999999999978e-01 0.000000000000000000e+00
3.200000000000000067e-01 0.000000000000000000e+00
3.300000000000000155e-01 0.000000000000000000e+00
3.400000000000000244e-01 0.000000000000000000e+00
3.499999999999999778e-01 0.000000000000000000e+00
3.599999999999999867e-01 0.000000000000000000e+00
3.699999999999999956e-01 0.000000000000000000e+00
3.800000000000000044e-01 0.000000000000000000e+00
3.900000000000000133e-01 0.000000000000000000e+00
4.000000000000000222e-01 0.000000000000000000e+00
4.099999999999999756e-01 0.000000000000000000e+00
4.199999999999999845e-01 0.000000000000000000e+00
4.299999999999999933e-01 0.000000000000000000e+00
4.400000000000000022e-01 0.000000000000000000e+00
4.500000000000000111e-01 0.000000000000000000e+00
4.600000000000000200e-01 0.000000000000000000e+00
4.699999999999999734e-01 0.000000000000000000e+00
4.799999999999999822e-01 0.000000000000000000e+00
4.899999999999999911e-01 0.000000000000000000e+00
5.000000000000000000e-01 0.000000000000000000e+00
5.100000000000000089e-01 0.000000000000000000e+00
5.200000000000000178e-01 0.000000000000000000e+00
5.300000000000000266e-01 0.000000000000000000e+00
5.400000000000000355e-01 0.000000000000000000e+00
5.500000000000000444e-01 0.000000000000000000e+00
5.600000000000000533e-01 0.000000000000000000e+00
5.699999999999999512e-01 0.000000000000000000e+00
5.799999999999999600e-01 0.000000000000000000e+00
5.899999999999999689e-01 0.000000000000000000e+00
5.999999999999999778e-01 3.492247762482889470e+02
6.099999999999999867e-01 3.610385242829025856e+02
6.199999999999999956e-01 3.687081963087084659e+02
6.300000000000000044e-01 3.760000078830461234e+02
6.400000000000000133e-01 3.797538520374507698e+02
6.500000000000000222e-01 3.809593233881016658e+02
6.600000000000000311e-01 3.827747790800705729e+02
6.700000000000000400e-01 3.849052781719840368e+02
6.800000000000000488e-01 3.862812435512346951e+02
6.899999999999999467e-01 3.863797279996867360e+02
6.999999999999999556e-01 3.880931139773369409e+02
7.099999999999999645e-01 3.931716453032867093e+02
7.199999999999999734e-01 3.986548054792165203e+02
7.299999999999999822e-01 4.046135460815867759e+02
7.399999999999999911e-01 4.108556987726191210e+02
7.500000000000000000e-01 4.162403639717360306e+02
7.600000000000000089e-01 4.178641224878421099e+02
7.700000000000000178e-01 4.178756502173116587e+02
7.800000000000000266e-01 4.147553756605537956e+02
7.900000000000000355e-01 4.102793014200910875e+02
8.000000000000000444e-01 4.067237157956412261e+02
8.100000000000000533e-01 4.050584208448358368e+02
8.199999999999999512e-01 4.038153407467901843e+02
8.299999999999999600e-01 4.024282838928997421e+02
8.399999999999999689e-01 4.000898818154893775e+02
8.499999999999999778e-01 3.988791665861608635e+02
8.599999999999999867e-01 3.985885782376573161e+02
8.699999999999999956e-01 3.980564750908953329e+02
8.800000000000000044e-01 3.971025529355035246e+02
8.900000000000000133e-01 3.963311648595372958e+02
9.000000000000000222e-01 3.954965854631296338e+02
9.100000000000000311e-01 3.952197499844725712e+02
9.200000000000000400e-01 3.956557928237364195e+02
9.300000000000000488e-01 3.958017480993289610e+02
9.399999999999999467e-01 3.952469235248523773e+02
9.499999999999999556e-01 3.936072455493895177e+02
9.599999999999999645e-01 3.926425205727841785e+02
9.699999999999999734e-01 3.947731014172046571e+02
9.799999999999999822e-01 3.978633961124875213e+02
9.899999999999999911e-01 3.991165751660148544e+02
1.000000000000000000e+00 3.979836582781576908e+02
1.010000000000000009e+00 3.960177194674213865e+02
1.020000000000000018e+00 3.933413630133885590e+02
1.030000000000000027e+00 3.897051253175445140e+02
1.040000000000000036e+00 3.859599322293271939e+02
1.050000000000000044e+00 3.823007090303102586e+02
1.060000000000000053e+00 0.000000000000000000e+00
1.070000000000000062e+00 3.558788236102321889e+02
1.080000000000000071e+00 3.484958286516493331e+02
1.090000000000000080e+00 3.460136126359764148e+02
1.100000000000000089e+00 3.488393104523680677e+02
1.110000000000000098e+00 3.578364712576462239e+02
1.120000000000000107e+00 3.652333966222755066e+02
1.129999999999999893e+00 3.678961778506056248e+02
1.139999999999999902e+00 3.665710161807734835e+02
1.149999999999999911e+00 3.643349650373100985e+02
1.159999999999999920e+00 3.626867151856581017e+02
1.169999999999999929e+00 3.615196949519861391e+02
1.179999999999999938e+00 3.605192002946134835e+02
1.189999999999999947e+00 3.601452417742281114e+02
1.199999999999999956e+00 3.602836193361849837e+02
1.209999999999999964e+00 3.610269586727515616e+02
1.219999999999999973e+00 3.630738261751720302e+02
1.229999999999999982e+00 3.661123539698410809e+02
1.239999999999999991e+00 3.721269176220587838e+02
1.250000000000000000e+00 3.789898213071758164e+02
1.260000000000000009e+00 3.842480003969944846e+02
1.270000000000000018e+00 3.899552990079298525e+02
1.280000000000000027e+00 3.930701511315443213e+02
1.290000000000000036e+00 3.952026884229647976e+02
1.300000000000000044e+00 3.963827187021994405e+02
1.310000000000000053e+00 3.966533212246747553e+02
1.320000000000000062e+00 3.966953663749300176e+02
1.330000000000000071e+00 3.968445185956871910e+02
1.340000000000000080e+00 3.960724295524510694e+02
1.350000000000000089e+00 3.948003005735043303e+02
1.360000000000000098e+00 3.931696073725158271e+02
1.370000000000000107e+00 3.924651432794902348e+02
1.379999999999999893e+00 3.912188625255820398e+02
1.389999999999999902e+00 3.899802605602010885e+02
1.399999999999999911e+00 3.904378011088499534e+02
1.409999999999999920e+00 3.916153336409672647e+02
1.419999999999999929e+00 3.923580119474198682e+02
1.429999999999999938e+00 3.943113697979755443e+02
1.439999999999999947e+00 3.970750778962423624e+02
1.449999999999999956e+00 4.018861803898952303e+02
1.459999999999999964e+00 4.071609507894588660e+02
1.469999999999999973e+00 4.136513842062478261e+02
1.479999999999999982e+00 0.000000000000000000e+00
1.489999999999999991e+00 3.964699255620229223e+02
1.500000000000000000e+00 3.927339880234137581e+02
1.510000000000000009e+00 3.920200000905208526e+02
1.520000000000000018e+00 3.956205312697235286e+02
1.530000000000000027e+00 4.012320788413387618e+02
1.540000000000000036e+00 4.057856272351216376e+02
1.550000000000000044e+00 4.089929437315077507e+02
1.560000000000000053e+00 4.097954201833846923e+02
1.570000000000000062e+00 0.000000000000000000e+00
1.580000000000000071e+00 3.941290323229889054e+02
1.590000000000000080e+00 3.933057370981533722e+02
1.600000000000000089e+00 3.969332273289998625e+02
1.610000000000000098e+00 4.039201619731881578e+02
1.620000000000000107e+00 4.017770126308664658e+02
1.629999999999999893e+00 3.956342047599486023e+02
1.639999999999999902e+00 3.907063848224539697e+02
1.649999999999999911e+00 3.797599775184996815e+02
1.659999999999999920e+00 3.648252696732393474e+02
1.669999999999999929e+00 3.516288162974453826e+02
1.679999999999999938e+00 3.444060404861797906e+02
1.689999999999999947e+00 3.342893730411964839e+02
1.699999999999999956e+00 3.288553910620281613e+02
1.709999999999999964e+00 3.251337878514218005e+02
1.719999999999999973e+00 3.260891889091405460e+02
1.729999999999999982e+00 3.320006887386699077e+02
1.739999999999999991e+00 3.418053525430912032e+02
1.750000000000000000e+00 3.513523930184909432e+02
1.760000000000000009e+00 3.593417115584732073e+02
1.770000000000000018e+00 3.677144884872851094e+02
1.780000000000000027e+00 3.783897393480719415e+02
1.790000000000000036e+00 3.830527689200429222e+02
1.800000000000000044e+00 3.870308340153842437e+02
1.810000000000000053e+00 3.883346308961467912e+02
1.820000000000000062e+00 3.857758282529064218e+02
1.830000000000000071e+00 3.827860583824675587e+02
1.840000000000000080e+00 3.825972517452024704e+02
1.850000000000000089e+00 3.840813988280691547e+02
1.860000000000000098e+00 3.848328987649028363e+02
1.870000000000000107e+00 3.832379063915291226e+02
1.879999999999999893e+00 3.778365998703400237e+02
1.889999999999999902e+00 3.703557291059002523e+02
1.899999999999999911e+00 3.700134151077731985e+02
1.909999999999999920e+00 3.707231305801033727e+02
1.919999999999999929e+00 3.688217429136253713e+02
1.929999999999999938e+00 0.000000000000000000e+00
1.939999999999999947e+00 3.464406652097897563e+02
1.949999999999999956e+00 3.428379942464379155e+02
1.959999999999999964e+00 3.774645080333863802e+02
1.969999999999999973e+00 3.648946704178667915e+02
1.979999999999999982e+00 3.628560808897898937e+02
1.989999999999999991e+00 3.634672688733289760e+02
2.000000000000000000e+00 3.641017441811952722e+02
2.009999999999999787e+00 3.577617166934231818e+02
2.020000000000000018e+00 3.499773374535843686e+02
2.029999999999999805e+00 3.473365302669403718e+02
2.040000000000000036e+00 3.464226006808186753e+02
2.049999999999999822e+00 3.508596209922194475e+02
2.060000000000000053e+00 3.579911021726666149e+02
2.069999999999999840e+00 3.586341653957305766e+02
2.080000000000000071e+00 3.618514382130730382e+02
2.089999999999999858e+00 0.000000000000000000e+00
2.100000000000000089e+00 3.173258576952040357e+02
2.109999999999999876e+00 3.145935666596913052e+02
2.120000000000000107e+00 3.112504967994757976e+02
2.129999999999999893e+00 3.078216106298893919e+02
2.140000000000000124e+00 0.000000000000000000e+00
2.149999999999999911e+00 2.825583899713119536e+02
2.160000000000000142e+00 2.751411047966879551e+02
2.169999999999999929e+00 2.715801010003776810e+02
2.180000000000000160e+00 2.710001292818274692e+02
2.189999999999999947e+00 2.731299400005612483e+02
2.200000000000000178e+00 2.754520438217530227e+02
2.209999999999999964e+00 2.777197992876883177e+02
2.220000000000000195e+00 2.798524718788703467e+02
2.229999999999999982e+00 2.816270847625227702e+02
2.240000000000000213e+00 2.825765002582441525e+02
2.250000000000000000e+00 2.818626228481415978e+02
2.259999999999999787e+00 2.794381630963847556e+02
2.270000000000000018e+00 2.765448004892335234e+02
2.279999999999999805e+00 2.724977306321974311e+02
2.290000000000000036e+00 2.680287577058992383e+02
2.299999999999999822e+00 2.659083675311783281e+02
2.310000000000000053e+00 2.650095223567333278e+02
2.319999999999999840e+00 2.646824914365566883e+02
2.330000000000000071e+00 2.651788193300547505e+02
2.339999999999999858e+00 2.666098998527161825e+02
2.350000000000000089e+00 2.676377614243648964e+02
2.359999999999999876e+00 2.673491904218924446e+02
2.370000000000000107e+00 2.676886815298056490e+02
2.379999999999999893e+00 2.693423809771298920e+02
2.390000000000000124e+00 2.723884764646517169e+02
2.399999999999999911e+00 2.760939012733601317e+02
2.410000000000000142e+00 2.777779487550953377e+02
2.419999999999999929e+00 2.778538237889639504e+02
2.430000000000000160e+00 2.776368857764433642e+02
2.439999999999999947e+00 2.779879883337226829e+02
2.450000000000000178e+00 2.783708615980227137e+02
2.459999999999999964e+00 2.775378249082943967e+02
2.470000000000000195e+00 2.751164899285942056e+02
2.479999999999999982e+00 2.747018044819316742e+02
2.490000000000000213e+00 2.764959241814704001e+02
2.500000000000000000e+00 2.771528470401245272e+02
2.509999999999999787e+00 2.773861299714454276e+02
2.520000000000000018e+00 2.781729788422422871e+02
2.529999999999999805e+00 2.786456482614727861e+02
2.540000000000000036e+00 2.781069643447137878e+02
2.549999999999999822e+00 2.768230281716349737e+02
2.560000000000000053e+00 2.761341814968284893e+02
2.569999999999999840e+00 2.743880938952263477e+02
2.580000000000000071e+00 0.000000000000000000e+00
2.589999999999999858e+00 0.000000000000000000e+00
2.600000000000000089e+00 0.000000000000000000e+00
2.609999999999999876e+00 3.122445610891964520e+02
2.620000000000000107e+00 3.136940731065408272e+02
2.629999999999999893e+00 3.146404706899601251e+02
2.640000000000000124e+00 3.129858168923629478e+02
2.649999999999999911e+00 3.109272503027984271e+02
2.660000000000000142e+00 3.082121990212023661e+02
2.669999999999999929e+00 3.071429306267929178e+02
2.680000000000000160e+00 3.060681246979220873e+02
2.689999999999999947e+00 3.047977103923977324e+02
2.700000000000000178e+00 3.017276444639231272e+02
2.709999999999999964e+00 2.963787548717903633e+02
2.720000000000000195e+00 2.917162545556480495e+02
2.729999999999999982e+00 2.891591212138632159e+02
2.740000000000000213e+00 2.896297271187753495e+02
2.750000000000000000e+00 2.930867019626643923e+02
2.759999999999999787e+00 2.968199531718774438e+02
2.770000000000000018e+00 3.001919392173608117e+02
2.779999999999999805e+00 3.059734439854186121e+02
2.790000000000000036e+00 3.099488604426647385e+02
2.799999999999999822e+00 3.109951415707183173e+02
2.810000000000000053e+00 3.117148992607695845e+02
2.819999999999999840e+00 3.114480086985912521e+02
2.830000000000000071e+00 3.081514836498798218e+02
2.839999999999999858e+00 3.031687852415035991e+02
2.850000000000000089e+00 2.988960950172539128e+02
2.859999999999999876e+00 2.950192429706716553e+02
2.870000000000000107e+00 2.920432779962483778e+02
2.879999999999999893e+00 2.902688836052606689e+02
2.890000000000000124e+00 2.910280386050603738e+02
2.899999999999999911e+00 2.944008618565787287e+02
2.910000000000000142e+00 2.982406111088731109e+02
2.919999999999999929e+00 3.003461957755106368e+02
2.930000000000000160e+00 3.015661309490330950e+02
2.939999999999999947e+00 3.017785217970982217e+02
2.950000000000000178e+00 3.014776470321009469e+02
2.959999999999999964e+00 3.013069520238149721e+02
2.970000000000000195e+00 2.996774124801600010e+02
2.979999999999999982e+00 2.948259874999710632e+02
2.990000000000000213e+00 2.933681878567177819e+02
3.000000000000000000e+00 2.945297797447361745e+02
3.009999999999999787e+00 2.957627126217070668e+02
3.020000000000000018e+00 2.966234938603080309e+02
3.029999999999999805e+00 2.983863591797024810e+02
3.040000000000000036e+00 3.017120687497948097e+02
3.049999999999999822e+00 3.064640394902315848e+02
3.060000000000000053e+00 3.096395754854898428e+02
3.069999999999999840e+00 3.105395146019650952e+02
3.080000000000000071e+00 3.090675470092493242e+02
3.089999999999999858e+00 3.054871851207024633e+02
3.100000000000000089e+00 3.022097918681884039e+02
3.109999999999999876e+00 2.980923578774637690e+02
3.120000000000000107e+00 2.934379788087027237e+02
3.129999999999999893e+00 2.885829912975516436e+02
3.140000000000000124e+00 2.856036036947353978e+02
3.149999999999999911e+00 2.859470454996454123e+02
3.160000000000000142e+00 2.901913758039191293e+02
3.169999999999999929e+00 2.954558763753333892e+02
3.180000000000000160e+00 2.994519876418992226e+02
3.189999999999999947e+00 3.022108661843125219e+02
3.200000000000000178e+00 3.051742268788017327e+02
3.209999999999999964e+00 3.086854713930384833e+02
3.220000000000000195e+00 0.000000000000000000e+00
3.229999999999999982e+00 3.284797704651501817e+02
3.240000000000000213e+00 2.900873257410237329e+02
3.250000000000000000e+00 2.943529723097677788e+02
3.259999999999999787e+00 2.977752105182285618e+02
3.270000000000000018e+00 3.001051210275007293e+02
3.279999999999999805e+00 3.028504388966879901e+02
3.290000000000000036e+00 0.000000000000000000e+00
3.299999999999999822e+00 3.236150370571062354e+02
3.310000000000000053e+00 3.293212443983048843e+02
3.319999999999999840e+00 0.000000000000000000e+00
3.330000000000000071e+00 0.000000000000000000e+00
3.339999999999999858e+00 0.000000000000000000e+00
3.350000000000000089e+00 0.000000000000000000e+00
3.359999999999999876e+00 0.000000000000000000e+00
3.370000000000000107e+00 0.000000000000000000e+00
3.379999999999999893e+00 3.231128294789288589e+02
3.390000000000000124e+00 3.447327859403734465e+02
3.399999999999999911e+00 3.802185147495848128e+02
3.410000000000000142e+00 4.088217334895654176e+02
3.419999999999999929e+00 0.000000000000000000e+00
3.430000000000000160e+00 0.000000000000000000e+00
3.439999999999999947e+00 0.000000000000000000e+00
3.450000000000000178e+00 0.000000000000000000e+00
3.459999999999999964e+00 5.799616804790348397e+02
3.470000000000000195e+00 5.800870314008151354e+02
3.479999999999999982e+00 5.811110779764769632e+02
3.490000000000000213e+00 0.000000000000000000e+00
3.500000000000000000e+00 0.000000000000000000e+00
3.509999999999999787e+00 0.000000000000000000e+00
3.520000000000000018e+00 0.000000000000000000e+00
3.529999999999999805e+00 0.000000000000000000e+00
3.540000000000000036e+00 0.000000000000000000e+00
3.549999999999999822e+00 5.800811580567003602e+02
3.560000000000000053e+00 5.804579052940185875e+02
3.569999999999999840e+00 5.831130798495139516e+02
3.580000000000000071e+00 5.857087542106064575e+02
3.589999999999999858e+00 0.000000000000000000e+00
3.600000000000000089e+00 0.000000000000000000e+00
3.609999999999999876e+00 0.000000000000000000e+00
3.620000000000000107e+00 0.000000000000000000e+00
3.629999999999999893e+00 5.803473566773133143e+02
3.640000000000000124e+00 5.806339852375006103e+02
3.649999999999999911e+00 5.815381936863344663e+02
3.660000000000000142e+00 5.854284294790322747e+02
3.669999999999999929e+00 5.860022594330995389e+02
3.680000000000000160e+00 0.000000000000000000e+00
3.689999999999999947e+00 0.000000000000000000e+00
3.700000000000000178e+00 0.000000000000000000e+00
3.709999999999999964e+00 0.000000000000000000e+00
3.720000000000000195e+00 5.807170016690164402e+02
3.729999999999999982e+00 5.807956794703692367e+02
3.740000000000000213e+00 5.835757067156478115e+02
3.750000000000000000e+00 5.866417533936008795e+02
3.759999999999999787e+00 0.000000000000000000e+00
3.770000000000000018e+00 0.000000000000000000e+00
3.779999999999999805e+00 0.000000000000000000e+00
3.790000000000000036e+00 0.000000000000000000e+00
3.799999999999999822e+00 5.809908188405883038e+02
3.810000000000000053e+00 5.810282550919880578e+02
3.819999999999999840e+00 5.820743557738719574e+02
3.830000000000000071e+00 5.858747360319127893e+02
3.839999999999999858e+00 5.880519571639425749e+02
3.850000000000000089e+00 0.000000000000000000e+00
3.859999999999999876e+00 0.000000000000000000e+00
3.870000000000000107e+00 0.000000000000000000e+00
3.879999999999999893e+00 0.000000000000000000e+00
3.890000000000000124e+00 5.809006341231188344e+02
3.899999999999999911e+00 5.810866537682607031e+02
3.910000000000000142e+00 5.842843186031079767e+02
3.919999999999999929e+00 5.878624334337292794e+02
3.930000000000000160e+00 0.000000000000000000e+00
3.939999999999999947e+00 0.000000000000000000e+00
3.950000000000000178e+00 0.000000000000000000e+00
3.959999999999999964e+00 0.000000000000000000e+00
3.970000000000000195e+00 0.000000000000000000e+00
3.979999999999999982e+00 5.819971793302652259e+02
3.990000000000000213e+00 5.822926680161863260e+02
4.000000000000000000e+00 5.863163532988111228e+02
4.009999999999999787e+00 0.000000000000000000e+00
4.019999999999999574e+00 0.000000000000000000e+00
4.030000000000000249e+00 0.000000000000000000e+00
4.040000000000000036e+00 0.000000000000000000e+00
4.049999999999999822e+00 0.000000000000000000e+00
4.059999999999999609e+00 0.000000000000000000e+00
4.070000000000000284e+00 0.000000000000000000e+00
4.080000000000000071e+00 0.000000000000000000e+00
4.089999999999999858e+00 0.000000000000000000e+00
4.099999999999999645e+00 0.000000000000000000e+00
4.110000000000000320e+00 0.000000000000000000e+00
4.120000000000000107e+00 0.000000000000000000e+00
4.129999999999999893e+00 0.000000000000000000e+00
4.139999999999999680e+00 0.000000000000000000e+00
4.150000000000000355e+00 0.000000000000000000e+00
4.160000000000000142e+00 0.000000000000000000e+00
4.169999999999999929e+00 0.000000000000000000e+00
4.179999999999999716e+00 0.000000000000000000e+00
4.190000000000000391e+00 0.000000000000000000e+00
4.200000000000000178e+00 0.000000000000000000e+00
4.209999999999999964e+00 0.000000000000000000e+00
4.219999999999999751e+00 0.000000000000000000e+00
4.230000000000000426e+00 0.000000000000000000e+00
4.240000000000000213e+00 0.000000000000000000e+00
4.250000000000000000e+00 0.000000000000000000e+00
4.259999999999999787e+00 0.000000000000000000e+00
4.269999999999999574e+00 0.000000000000000000e+00
4.280000000000000249e+00 0.000000000000000000e+00
4.290000000000000036e+00 0.000000000000000000e+00
4.299999999999999822e+00 0.000000000000000000e+00
4.309999999999999609e+00 5.804924814374682001e+02
4.320000000000000284e+00 5.842747084634048633e+02
4.330000000000000071e+00 0.000000000000000000e+00
4.339999999999999858e+00 0.000000000000000000e+00
4.349999999999999645e+00 0.000000000000000000e+00
4.360000000000000320e+00 0.000000000000000000e+00
4.370000000000000107e+00 0.000000000000000000e+00
4.379999999999999893e+00 0.000000000000000000e+00
4.389999999999999680e+00 0.000000000000000000e+00
4.400000000000000355e+00 0.000000000000000000e+00
4.410000000000000142e+00 0.000000000000000000e+00
4.419999999999999929e+00 0.000000000000000000e+00
4.429999999999999716e+00 0.000000000000000000e+00
4.440000000000000391e+00 0.000000000000000000e+00
4.450000000000000178e+00 0.000000000000000000e+00
4.459999999999999964e+00 0.000000000000000000e+00
4.469999999999999751e+00 0.000000000000000000e+00
4.480000000000000426e+00 0.000000000000000000e+00
4.490000000000000213e+00 0.000000000000000000e+00
4.500000000000000000e+00 3.597590349466145767e+02
4.509999999999999787e+00 3.061112312647653653e+02
4.519999999999999574e+00 2.744140047469136334e+02
4.530000000000000249e+00 2.543778181257449091e+02
4.540000000000000036e+00 2.245348138468661432e+02
4.549999999999999822e+00 2.020823868007851729e+02
4.559999999999999609e+00 0.000000000000000000e+00
4.570000000000000284e+00 1.631815353572386869e+02
4.580000000000000071e+00 1.694426207308100913e+02
4.589999999999999858e+00 0.000000000000000000e+00
4.599999999999999645e+00 1.836374128168743880e+02
4.610000000000000320e+00 1.893487363808453665e+02
4.620000000000000107e+00 0.000000000000000000e+00
4.629999999999999893e+00 0.000000000000000000e+00
4.639999999999999680e+00 0.000000000000000000e+00
4.650000000000000355e+00 0.000000000000000000e+00
4.660000000000000142e+00 0.000000000000000000e+00
4.669999999999999929e+00 0.000000000000000000e+00
4.679999999999999716e+00 0.000000000000000000e+00
4.690000000000000391e+00 3.264925038403234794e+02
4.700000000000000178e+00 0.000000000000000000e+00
4.709999999999999964e+00 3.759845669806400679e+02
4.719999999999999751e+00 3.817344488639620295e+02
4.730000000000000426e+00 3.864088103194858945e+02
4.740000000000000213e+00 3.899993145480693215e+02
4.750000000000000000e+00 3.937886590069155659e+02
4.759999999999999787e+00 3.984924242723497514e+02
4.769999999999999574e+00 4.009148735253900213e+02
4.780000000000000249e+00 4.040261505819908052e+02
4.790000000000000036e+00 4.098246283829796539e+02
4.799999999999999822e+00 4.161170444878467833e+02
4.809999999999999609e+00 4.193815811671297524e+02
4.820000000000000284e+00 4.239494610670636803e+02
4.830000000000000071e+00 4.251561766680986238e+02
4.839999999999999858e+00 4.246708367656162295e+02
4.849999999999999645e+00 4.218752383394848380e+02
4.860000000000000320e+00 4.156720917651470018e+02
4.870000000000000107e+00 4.093721186359689455e+02
4.879999999999999893e+00 4.051051990447128901e+02
4.889999999999999680e+00 0.000000000000000000e+00
4.900000000000000355e+00 0.000000000000000000e+00
4.910000000000000142e+00 0.000000000000000000e+00
4.919999999999999929e+00 3.966708685302626236e+02
4.929999999999999716e+00 3.935368000179438468e+02
4.940000000000000391e+00 3.868265350167507108e+02
4.950000000000000178e+00 3.779432867662419540e+02
4.959999999999999964e+00 3.696203380858414675e+02
4.969999999999999751e+00 3.639444719785569760e+02
4.980000000000000426e+00 3.582547024056437976e+02
4.990000000000000213e+00 3.558925177428603206e+02
5.000000000000000000e+00 3.558357312757088948e+02
5.009999999999999787e+00 3.583336810724324550e+02
5.019999999999999574e+00 3.606069863369305040e+02
5.030000000000000249e+00 3.607721023683841395e+02
5.040000000000000036e+00 3.607825776709994443e+02
5.049999999999999822e+00 3.614236577314295005e+02
5.059999999999999609e+00 3.602483248864283496e+02
5.070000000000000284e+00 3.580773785426339941e+02
5.080000000000000071e+00 3.555251436704169237e+02
5.089999999999999858e+00 3.548352163319315196e+02
5.099999999999999645e+00 3.534380433420624854e+02
5.110000000000000320e+00 3.506244171646120549e+02
5.120000000000000107e+00 3.543959699492515369e+02
5.129999999999999893e+00 3.609410736234920023e+02
5.139999999999999680e+00 3.608996296368531489e+02
5.150000000000000355e+00 3.576702203662558759e+02
5.160000000000000142e+00 3.542438920766254569e+02
5.169999999999999929e+00 0.000000000000000000e+00
5.179999999999999716e+00 2.952456292983716821e+02
5.190000000000000391e+00 2.942348416652010314e+02
5.200000000000000178e+00 2.932029270200866335e+02
5.209999999999999964e+00 2.920762868541983721e+02
5.219999999999999751e+00 2.879209333468011209e+02
5.230000000000000426e+00 2.817028379660210931e+02
5.240000000000000213e+00 2.808926605083283903e+02
5.250000000000000000e+00 2.840715800121204779e+02
5.259999999999999787e+00 2.903111886032140774e+02
5.269999999999999574e+00 2.954876088814480681e+02
5.280000000000000249e+00 2.983396532932149512e+02
5.290000000000000036e+00 2.988221325331041385e+02
5.299999999999999822e+00 2.974486024156047961e+02
5.309999999999999609e+00 2.942288493569464549e+02
5.320000000000000284e+00 2.895325079736054477e+02
5.330000000000000071e+00 2.848051828733570119e+02
5.339999999999999858e+00 2.798863269269687066e+02
5.349999999999999645e+00 2.777554963812513051e+02
5.360000000000000320e+00 2.763754339560489370e+02
5.370000000000000107e+00 2.718428476746865954e+02
5.379999999999999893e+00 2.652679146026414401e+02
5.389999999999999680e+00 2.606105705307980429e+02
5.400000000000000355e+00 2.574394798784924774e+02
5.410000000000000142e+00 2.532990283273383341e+02
5.419999999999999929e+00 2.512016899525793292e+02
5.429999999999999716e+00 2.509907044816135624e+02
5.440000000000000391e+00 2.520553650478850045e+02
5.450000000000000178e+00 2.530746071549995690e+02
5.459999999999999964e+00 2.576659153900013735e+02
5.469999999999999751e+00 2.710592314538252481e+02
5.480000000000000426e+00 0.000000000000000000e+00
5.490000000000000213e+00 3.117672500017885682e+02
5.500000000000000000e+00 3.258903964366185733e+02
5.509999999999999787e+00 3.352432761187222354e+02
5.519999999999999574e+00 3.502194634904082591e+02
5.530000000000000249e+00 3.642078374729013035e+02
5.540000000000000036e+00 3.796503853553020917e+02
5.549999999999999822e+00 3.870058065162911021e+02
5.559999999999999609e+00 3.919569416689564605e+02
5.570000000000000284e+00 3.948532340713012445e+02
5.580000000000000071e+00 3.965793764522102265e+02
5.589999999999999858e+00 3.973226492677827650e+02
5.599999999999999645e+00 3.982458052432360773e+02
5.610000000000000320e+00 3.989836619537220486e+02
5.620000000000000107e+00 3.979095456021793211e+02
5.629999999999999893e+00 3.959347239106945153e+02
5.639999999999999680e+00 3.951660608942239605e+02
5.650000000000000355e+00 3.959018622123320483e+02
5.660000000000000142e+00 3.945125559351571383e+02
5.669999999999999929e+00 3.945203780459472682e+02
5.679999999999999716e+00 3.973911611835797544e+02
5.690000000000000391e+00 3.983316271141563902e+02
5.700000000000000178e+00 3.973905637747347441e+02
5.709999999999999964e+00 3.951482895896015179e+02
5.719999999999999751e+00 3.933503819388752163e+02
5.730000000000000426e+00 3.915342772291003257e+02
5.740000000000000213e+00 3.792959625280918203e+02
5.750000000000000000e+00 3.768041922994424908e+02
5.759999999999999787e+00 3.757370555756787667e+02
5.769999999999999574e+00 3.718887642361394796e+02
5.780000000000000249e+00 3.677859755522813998e+02
5.790000000000000036e+00 3.654080654882282033e+02
5.799999999999999822e+00 3.625267706469014115e+02
5.809999999999999609e+00 3.582136819742399894e+02
5.820000000000000284e+00 3.564741447120994735e+02
5.830000000000000071e+00 3.558344893965838196e+02
5.839999999999999858e+00 3.557921594044456128e+02
5.849999999999999645e+00 3.576570380806942921e+02
5.860000000000000320e+00 3.597589116364890174e+02
5.870000000000000107e+00 3.594540204853933574e+02
5.879999999999999893e+00 3.566172414316914683e+02
5.889999999999999680e+00 3.538720046262247365e+02
5.900000000000000355e+00 3.531521788296316799e+02
5.910000000000000142e+00 3.520511805030312757e+02
5.919999999999999929e+00 3.497816505477825899e+02
5.929999999999999716e+00 3.478187936934323261e+02
5.940000000000000391e+00 3.444976803102427994e+02
5.950000000000000178e+00 3.431782032846186894e+02
5.959999999999999964e+00 3.483815118234717829e+02
5.969999999999999751e+00 3.509634080604121777e+02
5.980000000000000426e+00 3.511773740581066932e+02
5.990000000000000213e+00 3.511585277316257816e+02
6.000000000000000000e+00 0.000000000000000000e+00
6.009999999999999787e+00 0.000000000000000000e+00
6.019999999999999574e+00 0.000000000000000000e+00
6.030000000000000249e+00 3.079290719459592083e+02
6.040000000000000036e+00 3.120169638388085218e+02
6.049999999999999822e+00 3.135259369698466116e+02
6.059999999999999609e+00 3.124401708937671742e+02
6.070000000000000284e+00 3.099622951521840832e+02
6.080000000000000071e+00 0.000000000000000000e+00
6.089999999999999858e+00 2.756362371746390636e+02
6.099999999999999645e+00 0.000000000000000000e+00
6.110000000000000320e+00 0.000000000000000000e+00
6.120000000000000107e+00 3.104887941369790383e+02
6.129999999999999893e+00 3.124582052570261226e+02
6.139999999999999680e+00 3.127904733211674966e+02
6.150000000000000355e+00 3.108462549040204976e+02
6.160000000000000142e+00 3.031054658478875581e+02
6.169999999999999929e+00 0.000000000000000000e+00
6.179999999999999716e+00 0.000000000000000000e+00
6.190000000000000391e+00 0.000000000000000000e+00
6.200000000000000178e+00 3.095735891121630630e+02
6.209999999999999964e+00 3.115083100647423180e+02
6.219999999999999751e+00 3.112050511214317225e+02
6.230000000000000426e+00 3.102503555123267347e+02
6.240000000000000213e+00 0.000000000000000000e+00
6.250000000000000000e+00 0.000000000000000000e+00
6.259999999999999787e+00 0.000000000000000000e+00
6.269999999999999574e+00 0.000000000000000000e+00
6.280000000000000249e+00 0.000000000000000000e+00
6.290000000000000036e+00 3.066186564201654505e+02
6.299999999999999822e+00 3.009728363677750167e+02
6.309999999999999609e+00 2.941348561024554442e+02
6.320000000000000284e+00 2.871466575257481395e+02
6.330000000000000071e+00 2.831948826430545978e+02
6.339999999999999858e+00 2.815602646511119929e+02
6.349999999999999645e+00 2.801920385459297336e+02
6.360000000000000320e+00 2.785899565776254576e+02
6.370000000000000107e+00 2.763318290206431129e+02
6.379999999999999893e+00 2.741994079747261708e+02
6.389999999999999680e+00 2.718670102053612254e+02
6.400000000000000355e+00 2.694542884044246875e+02
6.410000000000000142e+00 2.689518973756762534e+02
6.419999999999999929e+00 2.713792445732185570e+02
6.429999999999999716e+00 2.731184230637236965e+02
6.440000000000000391e+00 2.731511655101281804e+02
6.450000000000000178e+00 2.710090778927651058e+02
6.459999999999999964e+00 2.682760279736991151e+02
6.469999999999999751e+00 2.672830685614804906e+02
6.480000000000000426e+00 2.657634970364636615e+02
6.490000000000000213e+00 2.647133708769594023e+02
6.500000000000000000e+00 2.644084230447715527e+02
6.509999999999999787e+00 2.647600162828599082e+02
6.519999999999999574e+00 2.662555421201518584e+02
6.530000000000000249e+00 2.671989878008859591e+02
6.540000000000000036e+00 2.668090769952322034e+02
6.549999999999999822e+00 2.661753422374165439e+02
6.559999999999999609e+00 2.655648922384170305e+02
6.570000000000000284e+00 2.646593479932590185e+02
6.580000000000000071e+00 2.638875891892045615e+02
6.589999999999999858e+00 2.634703593293608606e+02
6.599999999999999645e+00 2.636766402611173135e+02
6.610000000000000320e+00 2.643630374971086781e+02
6.620000000000000107e+00 2.648390528325979858e+02
6.629999999999999893e+00 2.650077826729822164e+02
6.639999999999999680e+00 2.643191840986153238e+02
6.650000000000000355e+00 2.632917882851870104e+02
6.660000000000000142e+00 2.627923575439967294e+02
6.669999999999999929e+00 2.629825317757599805e+02
6.679999999999999716e+00 2.638475197413407045e+02
6.690000000000000391e+00 2.647705614696033081e+02
6.700000000000000178e+00 2.659637810426074225e+02
6.709999999999999964e+00 2.662132763594347580e+02
6.719999999999999751e+00 2.650002644798884148e+02
6.730000000000000426e+00 2.644081224568180346e+02
6.740000000000000213e+00 2.642150405595206166e+02
6.750000000000000000e+00 2.639796720982785700e+02
6.759999999999999787e+00 2.634692760124133315e+02
6.769999999999999574e+00 2.633820494427285439e+02
6.780000000000000249e+00 2.645202007495989847e+02
6.790000000000000036e+00 2.662132561807372895e+02
6.799999999999999822e+00 2.683092677232466485e+02
6.809999999999999609e+00 2.707877746844757780e+02
6.820000000000000284e+00 2.727984277236412822e+02
6.830000000000000071e+00 2.738885868831132484e+02
6.839999999999999858e+00 2.707006969331846449e+02
6.849999999999999645e+00 2.667935848555706002e+02
6.860000000000000320e+00 2.658868312832108813e+02
6.870000000000000107e+00 2.678326894465151895e+02
6.879999999999999893e+00 2.701270610517586306e+02
6.889999999999999680e+00 2.720236480049733245e+02
6.900000000000000355e+00 2.733590838275597434e+02
6.910000000000000142e+00 2.747090073263056524e+02
6.919999999999999929e+00 2.755077709306284532e+02
6.929999999999999716e+00 2.759355091697678404e+02
6.940000000000000391e+00 2.761753513526885513e+02
6.950000000000000178e+00 2.776796819435671750e+02
6.959999999999999964e+00 2.798111155354453103e+02
6.969999999999999751e+00 2.811098586486060071e+02
6.980000000000000426e+00 2.817800662373072100e+02
6.990000000000000213e+00 2.834799877366601777e+02
7.000000000000000000e+00 2.843184779036845953e+02
7.009999999999999787e+00 2.844575768237943976e+02
7.019999999999999574e+00 2.864861788408939560e+02
7.030000000000000249e+00 2.889040440464561357e+02
7.040000000000000036e+00 2.905180600788615379e+02
7.049999999999999822e+00 2.925470236133269282e+02
7.059999999999999609e+00 2.943347436251513045e+02
7.070000000000000284e+00 2.944035464289597712e+02
7.080000000000000071e+00 2.951057769929294068e+02
7.089999999999999858e+00 2.953136671420555786e+02
7.099999999999999645e+00 2.935577038681171302e+02
7.110000000000000320e+00 2.913628350940479663e+02
7.120000000000000107e+00 2.890625272054507491e+02
7.129999999999999893e+00 2.859581833866506031e+02
7.139999999999999680e+00 2.837655548873311204e+02
7.150000000000000355e+00 2.837209909104772692e+02
7.160000000000000142e+00 2.857936541098634393e+02
7.169999999999999929e+00 2.882008186602656679e+02
7.179999999999999716e+00 2.919050981355634917e+02
7.190000000000000391e+00 2.953674994820544271e+02
7.200000000000000178e+00 2.967878067361556305e+02
7.209999999999999964e+00 2.969265699869710033e+02
7.219999999999999751e+00 2.964418910374387792e+02
7.230000000000000426e+00 2.938973674288333200e+02
7.240000000000000213e+00 2.918170755980225408e+02
7.250000000000000000e+00 2.913325234119330389e+02
7.259999999999999787e+00 2.911831708014813671e+02
7.269999999999999574e+00 2.912969791788117959e+02
7.280000000000000249e+00 2.911791236612742182e+02
7.290000000000000036e+00 2.911222496711209828e+02
7.299999999999999822e+00 2.918542706076548825e+02
7.309999999999999609e+00 2.941775147423625185e+02
7.320000000000000284e+00 2.965170737375614749e+02
7.330000000000000071e+00 2.989490091006678654e+02
7.339999999999999858e+00 3.011500639651375195e+02
7.349999999999999645e+00 3.014474692469829620e+02
7.360000000000000320e+00 2.994729048709645554e+02
7.370000000000000107e+00 2.975528251904288481e+02
7.379999999999999893e+00 2.964415289954432069e+02
7.389999999999999680e+00 2.946654417890321724e+02
7.400000000000000355e+00 2.930881623467565760e+02
7.410000000000000142e+00 2.916749931875282300e+02
7.419999999999999929e+00 2.902715643788444027e+02
7.429999999999999716e+00 2.893767017804450461e+02
7.440000000000000391e+00 2.909346841956068488e+02
7.450000000000000178e+00 2.940810117638520182e+02
7.459999999999999964e+00 2.973697208702092212e+02
7.469999999999999751e+00 3.004707220617739267e+02
7.480000000000000426e+00 3.021592767555379737e+02
7.490000000000000213e+00 3.015685164359193777e+02
7.500000000000000000e+00 2.976772848852568245e+02
7.509999999999999787e+00 2.949451639968697805e+02
7.519999999999999574e+00 2.946335564088174124e+02
7.530000000000000249e+00 2.960659482815488559e+02
7.540000000000000036e+00 2.990276404566907331e+02
7.549999999999999822e+00 3.056444637463631580e+02
7.559999999999999609e+00 3.151969556815307669e+02
7.570000000000000284e+00 3.300567125152612107e+02
7.580000000000000071e+00 3.382019050794488635e+02
7.589999999999999858e+00 3.428252629991549725e+02
7.599999999999999645e+00 0.000000000000000000e+00
7.610000000000000320e+00 3.332285995163474013e+02
7.620000000000000107e+00 0.000000000000000000e+00
7.629999999999999893e+00 3.069493312438690396e+02
7.639999999999999680e+00 3.137176942587685744e+02
7.650000000000000355e+00 3.241802535401822070e+02
7.660000000000000142e+00 3.345202720420437004e+02
7.669999999999999929e+00 3.486142405920151646e+02
7.679999999999999716e+00 3.507031416017998708e+02
7.690000000000000391e+00 0.000000000000000000e+00
7.700000000000000178e+00 0.000000000000000000e+00
7.709999999999999964e+00 3.071454976461997148e+02
7.719999999999999751e+00 3.097732166333941564e+02
7.730000000000000426e+00 3.198207922835610475e+02
7.740000000000000213e+00 3.288320417443951555e+02
7.750000000000000000e+00 3.366506281748974061e+02
7.759999999999999787e+00 3.475902733050598954e+02
7.769999999999999574e+00 3.489016766772641631e+02
7.780000000000000249e+00 3.399047329364058214e+02
7.790000000000000036e+00 0.000000000000000000e+00
7.799999999999999822e+00 0.000000000000000000e+00
7.809999999999999609e+00 3.122783621652965849e+02
7.820000000000000284e+00 3.253405736895074369e+02
7.830000000000000071e+00 3.337969161226885717e+02
7.839999999999999858e+00 3.454229783463999865e+02
7.849999999999999645e+00 3.492929846252351922e+02
7.860000000000000320e+00 0.000000000000000000e+00
7.870000000000000107e+00 0.000000000000000000e+00
7.879999999999999893e+00 0.000000000000000000e+00
7.889999999999999680e+00 3.086996856711649571e+02
7.900000000000000355e+00 3.195373265041494619e+02
7.910000000000000142e+00 3.294091226330572226e+02
7.919999999999999929e+00 3.368998557172379833e+02
7.929999999999999716e+00 3.472168658967815418e+02
7.940000000000000391e+00 3.491993340795157792e+02
7.950000000000000178e+00 0.000000000000000000e+00
7.959999999999999964e+00 0.000000000000000000e+00
7.969999999999999751e+00 0.000000000000000000e+00
7.980000000000000426e+00 3.127082628912381779e+02
7.990000000000000213e+00 3.254384339354628537e+02
8.000000000000000000e+00 3.326584295004727210e+02
8.009999999999999787e+00 3.430009375849926414e+02
8.019999999999999574e+00 3.493192584425072482e+02
8.029999999999999361e+00 0.000000000000000000e+00
8.039999999999999147e+00 0.000000000000000000e+00
8.050000000000000711e+00 0.000000000000000000e+00
8.060000000000000497e+00 0.000000000000000000e+00
8.070000000000000284e+00 3.201277201910833128e+02
8.080000000000000071e+00 3.294319180134108365e+02
8.089999999999999858e+00 3.358887245244823134e+02
8.099999999999999645e+00 3.463336863333447013e+02
8.109999999999999432e+00 3.486410261140497937e+02
8.119999999999999218e+00 0.000000000000000000e+00
8.130000000000000782e+00 0.000000000000000000e+00
8.140000000000000568e+00 0.000000000000000000e+00
8.150000000000000355e+00 0.000000000000000000e+00
8.160000000000000142e+00 0.000000000000000000e+00
8.169999999999999929e+00 0.000000000000000000e+00
8.179999999999999716e+00 0.000000000000000000e+00
8.189999999999999503e+00 0.000000000000000000e+00
8.199999999999999289e+00 4.154720677705170147e+02
8.210000000000000853e+00 4.429959751232265717e+02
8.220000000000000639e+00 0.000000000000000000e+00
8.230000000000000426e+00 0.000000000000000000e+00
8.240000000000000213e+00 0.000000000000000000e+00
8.250000000000000000e+00 0.000000000000000000e+00
8.259999999999999787e+00 0.000000000000000000e+00
8.269999999999999574e+00 5.166067347399596201e+02
8.279999999999999361e+00 5.168109971713923869e+02
8.289999999999999147e+00 0.000000000000000000e+00
8.300000000000000711e+00 0.000000000000000000e+00
8.310000000000000497e+00 0.000000000000000000e+00
8.320000000000000284e+00 0.000000000000000000e+00
8.330000000000000071e+00 0.000000000000000000e+00
8.339999999999999858e+00 0.000000000000000000e+00
8.349999999999999645e+00 0.000000000000000000e+00
8.359999999999999432e+00 0.000000000000000000e+00
8.369999999999999218e+00 0.000000000000000000e+00
8.380000000000000782e+00 2.141525093593568556e+02
8.390000000000000568e+00 2.161769046797458600e+02
8.400000000000000355e+00 2.172127374521670049e+02
8.410000000000000142e+00 2.214314215551954703e+02
8.419999999999999929e+00 2.290193323669451786e+02
8.429999999999999716e+00 2.381957576869162097e+02
8.439999999999999503e+00 2.480548794894831133e+02
8.449999999999999289e+00 2.540486947044508383e+02
8.460000000000000853e+00 2.588526893078509374e+02
8.470000000000000639e+00 2.610526109929722338e+02
8.480000000000000426e+00 2.629915931958665851e+02
8.490000000000000213e+00 2.651801769296636735e+02
8.500000000000000000e+00 2.650947140930889532e+02
8.509999999999999787e+00 2.655652384097177219e+02
8.519999999999999574e+00 2.657473048920872429e+02
8.529999999999999361e+00 2.658112904049345389e+02
8.539999999999999147e+00 2.665374687601412234e+02
8.550000000000000711e+00 2.657786817805882720e+02
8.560000000000000497e+00 2.628496151829375549e+02
8.570000000000000284e+00 2.589332491653659645e+02
8.580000000000000071e+00 2.536591341997987286e+02
8.589999999999999858e+00 2.501785787781524562e+02
8.599999999999999645e+00 2.465262164492627051e+02
8.609999999999999432e+00 2.411358686935348032e+02
8.619999999999999218e+00 2.367664416111108210e+02
8.630000000000000782e+00 2.350582105481333315e+02
8.640000000000000568e+00 2.369333115162318393e+02
8.650000000000000355e+00 2.426108599417054847e+02
8.660000000000000142e+00 2.518222145089171704e+02
8.669999999999999929e+00 0.000000000000000000e+00
8.679999999999999716e+00 0.000000000000000000e+00
8.689999999999999503e+00 0.000000000000000000e+00
8.699999999999999289e+00 3.343111262037290885e+02
8.710000000000000853e+00 3.461949368340260094e+02
8.720000000000000639e+00 3.589864856541880158e+02
8.730000000000000426e+00 3.769451187823850091e+02
8.740000000000000213e+00 3.874237714519890687e+02
8.750000000000000000e+00 3.943613240687790835e+02
8.759999999999999787e+00 4.082518636813722992e+02
8.769999999999999574e+00 4.192166692382508018e+02
8.779999999999999361e+00 4.289122657799035778e+02
8.789999999999999147e+00 4.340989453698801412e+02
8.800000000000000711e+00 4.398602914254058192e+02
8.810000000000000497e+00 4.455027099894861067e+02
8.820000000000000284e+00 4.509030773459480770e+02
8.830000000000000071e+00 4.558296192635064017e+02
8.839999999999999858e+00 4.593262837202169067e+02
8.849999999999999645e+00 4.602217478528388597e+02
8.859999999999999432e+00 4.587157861254067939e+02
8.869999999999999218e+00 4.564681681893884502e+02
8.880000000000000782e+00 4.552021895738016042e+02
8.890000000000000568e+00 4.522984446092448820e+02
8.900000000000000355e+00 4.488431513008950446e+02
8.910000000000000142e+00 4.483563031048095127e+02
8.919999999999999929e+00 4.490655559592739223e+02
8.929999999999999716e+00 4.511246709287587464e+02
8.939999999999999503e+00 4.544288247702218086e+02
8.949999999999999289e+00 4.575548422575173504e+02
8.960000000000000853e+00 4.597480194504270230e+02
8.970000000000000639e+00 4.601688457420624445e+02
8.980000000000000426e+00 4.595606933390880613e+02
8.990000000000000213e+00 4.565645436307570435e+02
9.000000000000000000e+00 4.499502279017715409e+02
9.009999999999999787e+00 4.427979805223736207e+02
9.019999999999999574e+00 4.381576499937944504e+02
9.029999999999999361e+00 4.359713539612931754e+02
9.039999999999999147e+00 4.412573429212499150e+02
9.050000000000000711e+00 4.583023662084600005e+02
9.060000000000000497e+00 4.584232158805401696e+02
9.070000000000000284e+00 4.571653127842189406e+02
9.080000000000000071e+00 4.512406809210557981e+02
9.089999999999999858e+00 4.441190675283675091e+02
9.099999999999999645e+00 4.366513288818983938e+02
9.109999999999999432e+00 0.000000000000000000e+00
9.119999999999999218e+00 0.000000000000000000e+00
9.130000000000000782e+00 4.558358221650863698e+02
9.140000000000000568e+00 4.591102770421475157e+02
9.150000000000000355e+00 4.591933321004478898e+02
9.160000000000000142e+00 4.540408931715236349e+02
9.169999999999999929e+00 4.461845153800803132e+02
9.179999999999999716e+00 4.380440860118483783e+02
9.189999999999999503e+00 0.000000000000000000e+00
9.199999999999999289e+00 0.000000000000000000e+00
9.210000000000000853e+00 3.008207774672140431e+02
9.220000000000000639e+00 0.000000000000000000e+00
9.230000000000000426e+00 0.000000000000000000e+00
9.240000000000000213e+00 3.275707198013301991e+02
9.250000000000000000e+00 3.313815936290991431e+02
9.259999999999999787e+00 3.336382290793651464e+02
9.269999999999999574e+00 3.363325787862274865e+02
9.279999999999999361e+00 3.396528718074964672e+02
9.289999999999999147e+00 3.425369231588827006e+02
9.300000000000000711e+00 3.447333279197216029e+02
9.310000000000000497e+00 3.452042008019549257e+02
9.320000000000000284e+00 3.439913928643764507e+02
9.330000000000000071e+00 3.403860776464948685e+02
9.339999999999999858e+00 3.372766449449243851e+02
9.349999999999999645e+00 3.346386644835450852e+02
9.359999999999999432e+00 3.276403346921615025e+02
9.369999999999999218e+00 3.224077122306398451e+02
9.380000000000000782e+00 3.183108351974971697e+02
9.390000000000000568e+00 3.156512328493366226e+02
9.400000000000000355e+00 0.000000000000000000e+00
9.410000000000000142e+00 2.916968117618063161e+02
9.419999999999999929e+00 2.819394085682974946e+02
9.429999999999999716e+00 2.718903791509594612e+02
9.439999999999999503e+00 2.667206842119728663e+02
9.449999999999999289e+00 2.670742110497486692e+02
9.460000000000000853e+00 2.700196993473826410e+02
9.470000000000000639e+00 0.000000000000000000e+00
9.480000000000000426e+00 3.107798882267015870e+02
9.490000000000000213e+00 0.000000000000000000e+00
9.500000000000000000e+00 3.490619724274666851e+02
9.509999999999999787e+00 3.658390513963084345e+02
9.519999999999999574e+00 3.764803333928443294e+02
9.529999999999999361e+00 3.798115772184670504e+02
9.539999999999999147e+00 3.793358889042340252e+02
9.550000000000000711e+00 3.801062969066657615e+02
9.560000000000000497e+00 3.824314223278040572e+02
9.570000000000000284e+00 3.849213326811496927e+02
9.580000000000000071e+00 3.860757768313507086e+02
9.589999999999999858e+00 3.854512240437968558e+02
9.599999999999999645e+00 3.832998171627974102e+02
9.609999999999999432e+00 3.817943510900789761e+02
9.619999999999999218e+00 3.818289103171917418e+02
9.630000000000000782e+00 3.829464693678762046e+02
9.640000000000000568e+00 3.851040482674779355e+02
9.650000000000000355e+00 3.885510799673644442e+02
9.660000000000000142e+00 3.920631347070183210e+02
9.669999999999999929e+00 3.938472351210793363e+02
9.679999999999999716e+00 3.942016863248495611e+02
9.689999999999999503e+00 3.933760544260929350e+02
9.699999999999999289e+00 3.916617331796941812e+02
9.710000000000000853e+00 3.878143395195393737e+02
9.720000000000000639e+00 3.817911900461328969e+02
9.730000000000000426e+00 3.771265440367684505e+02
9.740000000000000213e+00 3.751096498267568791e+02
9.750000000000000000e+00 3.764552913049186600e+02
9.759999999999999787e+00 3.790917261796585080e+02
9.769999999999999574e+00 3.821567560486206503e+02
9.779999999999999361e+00 3.852851529758158335e+02
9.789999999999999147e+00 3.868533037092379914e+02
9.800000000000000711e+00 3.881986571261408017e+02
9.810000000000000497e+00 3.889440022914326391e+02
9.820000000000000284e+00 3.884490333648195701e+02
9.830000000000000071e+00 3.865319132005794813e+02
9.839999999999999858e+00 3.848053370371306414e+02
9.849999999999999645e+00 3.846721626262406062e+02
9.859999999999999432e+00 3.860407168503536468e+02
9.869999999999999218e+00 3.891162285321793206e+02
9.880000000000000782e+00 3.913822663622690357e+02
9.890000000000000568e+00 3.921777380529428569e+02
9.900000000000000355e+00 3.913699899525846604e+02
9.910000000000000142e+00 3.880873892132439096e+02
9.919999999999999929e+00 3.831702868334602385e+02
9.929999999999999716e+00 3.759986787587025674e+02
9.939999999999999503e+00 3.602855193920522652e+02
9.949999999999999289e+00 3.526420859406879345e+02
9.960000000000000853e+00 3.494892087729357399e+02
9.970000000000000639e+00 0.000000000000000000e+00
9.980000000000000426e+00 3.249382656096153141e+02
9.990000000000000213e+00 0.000000000000000000e+00
1.000000000000000000e+01 0.000000000000000000e+00
1.000999999999999979e+01 3.239027567007457264e+02
1.001999999999999957e+01 3.289722077324316274e+02
1.002999999999999936e+01 3.310057758269379633e+02
1.003999999999999915e+01 3.342973915384234829e+02
1.005000000000000071e+01 3.399336012320667351e+02
1.006000000000000050e+01 3.504012955441165786e+02
1.007000000000000028e+01 3.582785625399557716e+02
1.008000000000000007e+01 3.581009663120403275e+02
1.008999999999999986e+01 3.564242959776188968e+02
1.009999999999999964e+01 3.539115439996289751e+02
1.010999999999999943e+01 3.519599433477248454e+02
1.011999999999999922e+01 3.516588769948778008e+02
1.013000000000000078e+01 3.522118244905277038e+02
1.014000000000000057e+01 3.530270328273466021e+02
1.015000000000000036e+01 3.547418796454645644e+02
1.016000000000000014e+01 3.554167734533970702e+02
1.016999999999999993e+01 3.542355250629917691e+02
1.017999999999999972e+01 3.529781187021769711e+02
1.018999999999999950e+01 3.507986418591382289e+02
1.019999999999999929e+01 3.490703864978160027e+02
1.021000000000000085e+01 3.481018897006084103e+02
1.022000000000000064e+01 3.487572397685773922e+02
1.023000000000000043e+01 3.500084785327806571e+02
1.024000000000000021e+01 3.503452696876791492e+02
1.025000000000000000e+01 3.500265803222004592e+02
1.025999999999999979e+01 3.495534627650373523e+02
1.026999999999999957e+01 3.496738280178299760e+02
1.027999999999999936e+01 3.490068142577564458e+02
1.028999999999999915e+01 3.485621531351860085e+02
1.030000000000000071e+01 3.483466461124372699e+02
1.031000000000000050e+01 3.482356690009611384e+02
1.032000000000000028e+01 3.482697092276652597e+02
1.033000000000000007e+01 3.490262160880231477e+02
1.033999999999999986e+01 3.505843092215331467e+02
1.034999999999999964e+01 3.522232817193499841e+02
1.035999999999999943e+01 3.532982916869723908e+02
1.036999999999999922e+01 3.537009668113043404e+02
1.038000000000000078e+01 3.529284380468720315e+02
1.039000000000000057e+01 3.504240115787989680e+02
1.040000000000000036e+01 3.480372919211819180e+02
1.041000000000000014e+01 3.457922974528640339e+02
1.041999999999999993e+01 3.458397942449438460e+02
1.042999999999999972e+01 3.494205967751290700e+02
1.043999999999999950e+01 3.519824363801736808e+02
1.044999999999999929e+01 3.522878276794612020e+02
1.046000000000000085e+01 3.518776057093674012e+02
1.047000000000000064e+01 3.505500212959054807e+02
1.048000000000000043e+01 3.490434196414993266e+02
1.049000000000000021e+01 3.484689390037510179e+02
1.050000000000000000e+01 0.000000000000000000e+00
1.050999999999999979e+01 3.523470542344999785e+02
1.051999999999999957e+01 3.527217868050610150e+02
1.052999999999999936e+01 0.000000000000000000e+00
1.053999999999999915e+01 0.000000000000000000e+00
1.055000000000000071e+01 0.000000000000000000e+00
1.056000000000000050e+01 0.000000000000000000e+00
1.057000000000000028e+01 4.008040017658310035e+02
1.058000000000000007e+01 4.036977202131296849e+02
1.058999999999999986e+01 4.032637808646314284e+02
1.059999999999999964e+01 4.009729551920629547e+02
1.060999999999999943e+01 3.971400133862798612e+02
1.061999999999999922e+01 3.952132035520642717e+02
1.063000000000000078e+01 3.953537525126844230e+02
1.064000000000000057e+01 3.971218968112791572e+02
1.065000000000000036e+01 3.979869534240982034e+02
1.066000000000000014e+01 3.979126010775042914e+02
1.066999999999999993e+01 3.980092155713238071e+02
1.067999999999999972e+01 3.978560289761995250e+02
1.068999999999999950e+01 3.968856842977921815e+02
1.069999999999999929e+01 3.962544656417292117e+02
1.071000000000000085e+01 3.959908289618297772e+02
1.072000000000000064e+01 3.949129078667750719e+02
1.073000000000000043e+01 3.930284952993764023e+02
1.074000000000000021e+01 3.885662881653390741e+02
1.075000000000000000e+01 3.821461087531308749e+02
1.075999999999999979e+01 3.728426814324445786e+02
1.076999999999999957e+01 3.602685988152561549e+02
1.077999999999999936e+01 3.541287861672539066e+02
1.078999999999999915e+01 3.487631295979493871e+02
1.080000000000000071e+01 3.433496350777363659e+02
1.081000000000000050e+01 3.387425895234176210e+02
1.082000000000000028e+01 3.340286938965451213e+02
1.083000000000000007e+01 3.341583798715968214e+02
1.083999999999999986e+01 3.358215733823638516e+02
1.084999999999999964e+01 3.460412358644406368e+02
1.085999999999999943e+01 3.516100172432949194e+02
1.086999999999999922e+01 3.558759686236442121e+02
1.088000000000000078e+01 3.620577435014465095e+02
1.089000000000000057e+01 3.723703295020533233e+02
1.090000000000000036e+01 3.813459753642121086e+02
1.091000000000000014e+01 3.860258823753979414e+02
1.091999999999999993e+01 3.900983622582957651e+02
1.092999999999999972e+01 3.931479778916939836e+02
1.093999999999999950e+01 3.944313487218929026e+02
1.094999999999999929e+01 3.954939498955515091e+02
1.096000000000000085e+01 3.963383016028334396e+02
1.097000000000000064e+01 3.973377667289197461e+02
1.098000000000000043e+01 3.978738085082190423e+02
1.099000000000000021e+01 3.982653351480715287e+02
1.100000000000000000e+01 3.982079417743971135e+02
1.100999999999999979e+01 3.976726465188319253e+02
1.101999999999999957e+01 3.975398402844110706e+02
1.102999999999999936e+01 3.976994941806497650e+02
1.103999999999999915e+01 3.977941813124176065e+02
1.105000000000000071e+01 3.976124144465691188e+02
1.106000000000000050e+01 3.974336039523625459e+02
1.107000000000000028e+01 3.974531376432437924e+02
1.108000000000000007e+01 3.977742821413099250e+02
1.108999999999999986e+01 3.980899259288161147e+02
1.109999999999999964e+01 3.977828303572857749e+02
1.110999999999999943e+01 3.972749218936491502e+02
1.111999999999999922e+01 3.971419083257894727e+02
1.113000000000000078e+01 3.971672569670858479e+02
1.114000000000000057e+01 3.969688648993380298e+02
1.115000000000000036e+01 3.968436538182717754e+02
1.116000000000000014e+01 3.970976803325335140e+02
1.116999999999999993e+01 3.975612606169439687e+02
1.117999999999999972e+01 3.979362484537991804e+02
1.118999999999999950e+01 3.980349784914857878e+02
1.119999999999999929e+01 3.980988277702047071e+02
1.121000000000000085e+01 3.978633888749402558e+02
1.122000000000000064e+01 3.976329698761089162e+02
1.123000000000000043e+01 3.978668815296059620e+02
1.124000000000000021e+01 3.983456252042259393e+02
1.125000000000000000e+01 3.986491330804421978e+02
1.125999999999999979e+01 3.987898271845201634e+02
1.126999999999999957e+01 3.992763172212129348e+02
1.127999999999999936e+01 4.007646144227848595e+02
1.128999999999999915e+01 4.036601327514156310e+02
1.130000000000000071e+01 4.067224414874930289e+02
1.131000000000000050e+01 4.085145664009535835e+02
1.132000000000000028e+01 4.119724912424654804e+02
1.133000000000000007e+01 4.163702001472022971e+02
1.133999999999999986e+01 4.186283098143795769e+02
1.134999999999999964e+01 4.226484183189450050e+02
1.135999999999999943e+01 4.294739029794142198e+02
1.136999999999999922e+01 4.382376791465887891e+02
1.138000000000000078e+01 4.474452892178832144e+02
1.139000000000000057e+01 0.000000000000000000e+00
1.140000000000000036e+01 0.000000000000000000e+00
1.141000000000000014e+01 6.271564875369338097e+02
1.141999999999999993e+01 6.718291779378992032e+02
1.142999999999999972e+01 6.893891788517364603e+02
1.143999999999999950e+01 6.974194668252421252e+02
1.144999999999999929e+01 7.084940736783448756e+02
1.146000000000000085e+01 7.324594666464208785e+02
1.147000000000000064e+01 0.000000000000000000e+00
1.148000000000000043e+01 6.726154865869268633e+02
1.149000000000000021e+01 6.580047946427348506e+02
1.150000000000000000e+01 6.593928182211491276e+02
1.150999999999999979e+01 6.812901626883808603e+02
1.151999999999999957e+01 6.982729747827523852e+02
1.152999999999999936e+01 7.081086670528172817e+02
1.153999999999999915e+01 7.254799195201416069e+02
1.155000000000000071e+01 0.000000000000000000e+00
1.156000000000000050e+01 0.000000000000000000e+00
1.157000000000000028e+01 0.000000000000000000e+00
1.158000000000000007e+01 0.000000000000000000e+00
1.158999999999999986e+01 0.000000000000000000e+00
1.159999999999999964e+01 6.907340733669504971e+02
1.160999999999999943e+01 7.048306918437897366e+02
1.161999999999999922e+01 7.193572061440440848e+02
1.163000000000000078e+01 7.281232286007532366e+02
1.164000000000000057e+01 0.000000000000000000e+00
1.165000000000000036e+01 0.000000000000000000e+00
1.166000000000000014e+01 0.000000000000000000e+00
1.166999999999999993e+01 0.000000000000000000e+00
1.167999999999999972e+01 0.000000000000000000e+00
1.168999999999999950e+01 0.000000000000000000e+00
1.169999999999999929e+01 7.104781118070520733e+02
1.171000000000000085e+01 7.226828614846713208e+02
1.172000000000000064e+01 7.204892435724958659e+02
1.173000000000000043e+01 0.000000000000000000e+00
1.174000000000000021e+01 0.000000000000000000e+00
1.175000000000000000e+01 0.000000000000000000e+00
1.175999999999999979e+01 0.000000000000000000e+00
1.176999999999999957e+01 0.000000000000000000e+00
1.177999999999999936e+01 0.000000000000000000e+00
1.178999999999999915e+01 0.000000000000000000e+00
1.180000000000000071e+01 0.000000000000000000e+00
1.181000000000000050e+01 0.000000000000000000e+00
1.182000000000000028e+01 0.000000000000000000e+00
1.183000000000000007e+01 0.000000000000000000e+00
1.183999999999999986e+01 0.000000000000000000e+00
1.184999999999999964e+01 0.000000000000000000e+00
1.185999999999999943e+01 0.000000000000000000e+00
1.186999999999999922e+01 0.000000000000000000e+00
1.188000000000000078e+01 0.000000000000000000e+00
1.189000000000000057e+01 0.000000000000000000e+00
1.190000000000000036e+01 0.000000000000000000e+00
1.191000000000000014e+01 0.000000000000000000e+00
1.191999999999999993e+01 0.000000000000000000e+00
1.192999999999999972e+01 0.000000000000000000e+00
1.193999999999999950e+01 0.000000000000000000e+00
1.194999999999999929e+01 0.000000000000000000e+00
1.196000000000000085e+01 0.000000000000000000e+00
1.197000000000000064e+01 0.000000000000000000e+00
1.198000000000000043e+01 0.000000000000000000e+00
1.199000000000000021e+01 0.000000000000000000e+00
1.200000000000000000e+01 0.000000000000000000e+00
1.200999999999999979e+01 0.000000000000000000e+00
1.201999999999999957e+01 0.000000000000000000e+00
1.202999999999999936e+01 0.000000000000000000e+00
1.203999999999999915e+01 0.000000000000000000e+00
1.205000000000000071e+01 0.000000000000000000e+00
1.206000000000000050e+01 0.000000000000000000e+00
1.207000000000000028e+01 0.000000000000000000e+00
1.208000000000000007e+01 0.000000000000000000e+00
1.208999999999999986e+01 0.000000000000000000e+00
1.209999999999999964e+01 0.000000000000000000e+00
1.210999999999999943e+01 0.000000000000000000e+00
1.211999999999999922e+01 0.000000000000000000e+00
1.213000000000000078e+01 0.000000000000000000e+00
1.214000000000000057e+01 0.000000000000000000e+00
1.215000000000000036e+01 0.000000000000000000e+00
1.216000000000000014e+01 0.000000000000000000e+00
1.216999999999999993e+01 0.000000000000000000e+00
1.217999999999999972e+01 0.000000000000000000e+00
1.218999999999999950e+01 0.000000000000000000e+00
1.219999999999999929e+01 0.000000000000000000e+00
1.221000000000000085e+01 0.000000000000000000e+00
1.222000000000000064e+01 0.000000000000000000e+00
1.223000000000000043e+01 0.000000000000000000e+00
1.224000000000000021e+01 0.000000000000000000e+00
1.225000000000000000e+01 0.000000000000000000e+00
1.225999999999999979e+01 0.000000000000000000e+00
1.226999999999999957e+01 0.000000000000000000e+00
1.227999999999999936e+01 0.000000000000000000e+00
1.228999999999999915e+01 0.000000000000000000e+00
1.230000000000000071e+01 0.000000000000000000e+00
1.231000000000000050e+01 0.000000000000000000e+00
1.232000000000000028e+01 0.000000000000000000e+00
1.233000000000000007e+01 0.000000000000000000e+00
1.233999999999999986e+01 0.000000000000000000e+00
1.234999999999999964e+01 3.898510216794705343e+02
1.235999999999999943e+01 0.000000000000000000e+00
1.236999999999999922e+01 0.000000000000000000e+00
1.238000000000000078e+01 0.000000000000000000e+00
1.239000000000000057e+01 3.763378480792233063e+02
1.240000000000000036e+01 3.758486736365364891e+02
1.241000000000000014e+01 0.000000000000000000e+00
1.241999999999999993e+01 0.000000000000000000e+00
1.242999999999999972e+01 0.000000000000000000e+00
1.243999999999999950e+01 0.000000000000000000e+00
1.244999999999999929e+01 0.000000000000000000e+00
1.246000000000000085e+01 3.656653717376536861e+02
1.247000000000000064e+01 3.664091257149038938e+02
1.248000000000000043e+01 3.635447511158054112e+02
1.249000000000000021e+01 3.567725235413732889e+02
1.250000000000000000e+01 3.489788964907133959e+02
1.250999999999999979e+01 3.412782701727280141e+02
1.251999999999999957e+01 3.352984727672934469e+02
1.252999999999999936e+01 3.295167813875502816e+02
1.253999999999999915e+01 3.246999432437047517e+02
1.255000000000000071e+01 0.000000000000000000e+00
1.256000000000000050e+01 2.977308942431032506e+02
1.257000000000000028e+01 2.934297092424683910e+02
1.258000000000000007e+01 0.000000000000000000e+00
1.258999999999999986e+01 0.000000000000000000e+00
1.259999999999999964e+01 0.000000000000000000e+00
1.260999999999999943e+01 3.294908224061175019e+02
1.261999999999999922e+01 3.247660698988744912e+02
1.263000000000000078e+01 3.209563392453222264e+02
1.264000000000000057e+01 2.971674330929232042e+02
1.265000000000000036e+01 2.942809128537412562e+02
1.266000000000000014e+01 2.904741801959760323e+02
1.266999999999999993e+01 0.000000000000000000e+00
1.267999999999999972e+01 0.000000000000000000e+00
1.268999999999999950e+01 0.000000000000000000e+00
1.269999999999999929e+01 0.000000000000000000e+00
1.271000000000000085e+01 2.648679325600842276e+02
1.272000000000000064e+01 2.688749621001863375e+02
1.273000000000000043e+01 2.723851790306399607e+02
1.274000000000000021e+01 2.935404623344161905e+02
1.275000000000000000e+01 2.970579281800480658e+02
1.275999999999999979e+01 2.979681244863046459e+02
1.276999999999999957e+01 2.983650872477148255e+02
1.277999999999999936e+01 2.999630678506704271e+02
1.278999999999999915e+01 3.030930517823369428e+02
1.280000000000000071e+01 3.049209916598204018e+02
1.281000000000000050e+01 3.054093416522903226e+02
1.282000000000000028e+01 3.049330916918839876e+02
1.283000000000000007e+01 3.030112920941855350e+02
1.283999999999999986e+01 3.002620953294432979e+02
1.284999999999999964e+01 2.979453992197168191e+02
1.285999999999999943e+01 2.978100203989741885e+02
1.286999999999999922e+01 3.005911711438620841e+02
1.288000000000000078e+01 3.043281471924527182e+02
1.289000000000000057e+01 3.052562760756312059e+02
1.290000000000000036e+01 3.048408200597600057e+02
1.291000000000000014e+01 3.067806938476952041e+02
1.291999999999999993e+01 3.056048936950843427e+02
1.292999999999999972e+01 2.783674476261884365e+02
1.293999999999999950e+01 2.508184476173574069e+02
1.294999999999999929e+01 2.486147197157715993e+02
1.296000000000000085e+01 2.460694339276737423e+02
1.297000000000000064e+01 2.405747567548573898e+02
1.298000000000000043e+01 0.000000000000000000e+00
1.299000000000000021e+01 0.000000000000000000e+00
1.300000000000000000e+01 0.000000000000000000e+00
1.300999999999999979e+01 0.000000000000000000e+00
1.301999999999999957e+01 0.000000000000000000e+00
1.302999999999999936e+01 0.000000000000000000e+00
1.303999999999999915e+01 3.533423397183312886e+02
1.305000000000000071e+01 3.887626708926731567e+02
1.306000000000000050e+01 3.942572320245107562e+02
1.307000000000000028e+01 3.942136897272354190e+02
1.308000000000000007e+01 3.558204622057135111e+02
1.308999999999999986e+01 3.477604896451435366e+02
1.309999999999999964e+01 3.396480477257765074e+02
1.310999999999999943e+01 3.357720215124115839e+02
1.311999999999999922e+01 3.347214588611288377e+02
1.313000000000000078e+01 3.358158349924386243e+02
1.314000000000000057e+01 3.402247895678013947e+02
1.315000000000000036e+01 3.472515782506288815e+02
1.316000000000000014e+01 3.549019612669869730e+02
1.316999999999999993e+01 3.593743509978474435e+02
1.317999999999999972e+01 3.735024805569992736e+02
1.318999999999999950e+01 3.883209008225151138e+02
1.319999999999999929e+01 3.940864654855718072e+02
1.321000000000000085e+01 3.972692922300120131e+02
1.322000000000000064e+01 4.004300524061682722e+02
1.323000000000000043e+01 4.007865263581758200e+02
1.324000000000000021e+01 3.986303938241296692e+02
1.325000000000000000e+01 3.959569531626561343e+02
1.325999999999999979e+01 3.942746429838164204e+02
1.326999999999999957e+01 3.930618795818328408e+02
1.327999999999999936e+01 3.921364873819063632e+02
1.328999999999999915e+01 3.898203306950091473e+02
1.330000000000000071e+01 3.913079169284844738e+02
1.331000000000000050e+01 3.981327161939724419e+02
1.332000000000000028e+01 3.997933331826624794e+02
1.333000000000000007e+01 3.971872170792335055e+02
1.333999999999999986e+01 3.938179492986467949e+02
1.334999999999999964e+01 3.909622981116816618e+02
1.335999999999999943e+01 0.000000000000000000e+00
1.336999999999999922e+01 3.601791586928878814e+02
1.338000000000000078e+01 3.544169314616224256e+02
1.339000000000000057e+01 3.457198119417831208e+02
1.340000000000000036e+01 3.376386398227660379e+02
1.341000000000000014e+01 3.355362494443546098e+02
1.341999999999999993e+01 3.355837929143661995e+02
1.342999999999999972e+01 3.370704580899704297e+02
1.343999999999999950e+01 3.403559896277694179e+02
1.344999999999999929e+01 3.431120247356665800e+02
1.346000000000000085e+01 3.429701262889204258e+02
1.347000000000000064e+01 3.435185971928667641e+02
1.348000000000000043e+01 3.451305713049488304e+02
1.349000000000000021e+01 3.454491243532689282e+02
1.350000000000000000e+01 3.432004760557323380e+02
1.350999999999999979e+01 3.400767194009770833e+02
1.351999999999999957e+01 3.392917684084491725e+02
1.352999999999999936e+01 3.421212785399767426e+02
1.353999999999999915e+01 3.433442488139963871e+02
1.355000000000000071e+01 3.414900223554840295e+02
1.356000000000000050e+01 3.415243323165393008e+02
1.357000000000000028e+01 3.420519499813299262e+02
1.358000000000000007e+01 3.421543082337811370e+02
1.358999999999999986e+01 3.401707785575015919e+02
1.359999999999999964e+01 3.392498221856197915e+02
1.360999999999999943e+01 3.387457654640988380e+02
1.361999999999999922e+01 3.395181217989915012e+02
1.363000000000000078e+01 3.398914408479384406e+02
1.364000000000000057e+01 0.000000000000000000e+00
1.365000000000000036e+01 3.036617553932979376e+02
1.366000000000000014e+01 2.838766423837715820e+02
1.366999999999999993e+01 2.850566338856637003e+02
1.367999999999999972e+01 2.864968106624778557e+02
1.368999999999999950e+01 2.886567109489168956e+02
1.369999999999999929e+01 2.926753034202629351e+02
1.371000000000000085e+01 2.971651919971628786e+02
1.372000000000000064e+01 3.029930941630751704e+02
1.373000000000000043e+01 3.060568243571722178e+02
1.374000000000000021e+01 3.078794127154967555e+02
1.375000000000000000e+01 0.000000000000000000e+00
1.375999999999999979e+01 2.858828822849199014e+02
1.376999999999999957e+01 2.863302327852018152e+02
1.377999999999999936e+01 2.914023702689742095e+02
1.378999999999999915e+01 2.951386048077318947e+02
1.380000000000000071e+01 3.001647367849354850e+02
1.381000000000000050e+01 3.048753248909360991e+02
1.382000000000000028e+01 3.073097037649616823e+02
1.383000000000000007e+01 0.000000000000000000e+00
1.383999999999999986e+01 0.000000000000000000e+00
1.384999999999999964e+01 2.814246407713401368e+02
1.385999999999999943e+01 0.000000000000000000e+00
1.386999999999999922e+01 2.940512515359981194e+02
1.388000000000000078e+01 2.973871274425203524e+02
1.389000000000000057e+01 0.000000000000000000e+00
1.390000000000000036e+01 0.000000000000000000e+00
1.391000000000000014e+01 0.000000000000000000e+00
1.391999999999999993e+01 3.736781487455096453e+02
1.392999999999999972e+01 3.772924328792569781e+02
1.393999999999999950e+01 3.794678690823625402e+02
1.394999999999999929e+01 3.816526835066242143e+02
1.396000000000000085e+01 3.832706806415117740e+02
1.397000000000000064e+01 3.841618774497079585e+02
1.398000000000000043e+01 3.841109822981247248e+02
1.399000000000000021e+01 3.837843559581427257e+02
1.400000000000000000e+01 3.837627713113255936e+02
1.400999999999999979e+01 3.851892954866374907e+02
1.401999999999999957e+01 3.870312166508979317e+02
1.402999999999999936e+01 3.885285743214004128e+02
1.403999999999999915e+01 3.881894658075621010e+02
1.405000000000000071e+01 3.855993286923637129e+02
1.406000000000000050e+01 3.826549368562269819e+02
1.407000000000000028e+01 3.809650890302300468e+02
1.408000000000000007e+01 3.804099212253291853e+02
1.408999999999999986e+01 3.806731503540207768e+02
1.409999999999999964e+01 3.812953800242362945e+02
1.410999999999999943e+01 3.839265610130931918e+02
1.411999999999999922e+01 3.853256902985006604e+02
1.413000000000000078e+01 3.868728021607732899e+02
1.414000000000000057e+01 3.857233271591825314e+02
1.415000000000000036e+01 0.000000000000000000e+00
1.416000000000000014e+01 0.000000000000000000e+00
1.416999999999999993e+01 0.000000000000000000e+00
1.417999999999999972e+01 0.000000000000000000e+00
1.418999999999999950e+01 0.000000000000000000e+00
1.419999999999999929e+01 3.416909789953292602e+02
1.421000000000000085e+01 3.407951084615921786e+02
1.422000000000000064e+01 3.413939852194092737e+02
1.423000000000000043e+01 3.422215540895580261e+02
1.424000000000000021e+01 3.427766358044073627e+02
1.425000000000000000e+01 3.436638281475571830e+02
1.425999999999999979e+01 3.473448458899986235e+02
1.426999999999999957e+01 3.503121621649668782e+02
1.427999999999999936e+01 3.519646722247198909e+02
1.428999999999999915e+01 3.515501752056682108e+02
1.430000000000000071e+01 3.500269421494055564e+02
1.431000000000000050e+01 3.476580115837992935e+02
1.432000000000000028e+01 3.447705281192586426e+02
1.433000000000000007e+01 3.398647959747243021e+02
1.433999999999999986e+01 3.426202171044247962e+02
1.434999999999999964e+01 3.487989759264980307e+02
1.435999999999999943e+01 3.511990347132313559e+02
1.436999999999999922e+01 3.517184748534526761e+02
1.438000000000000078e+01 3.522007088025887924e+02
1.439000000000000057e+01 3.520393893326795478e+02
1.440000000000000036e+01 3.515312415112268809e+02
1.441000000000000014e+01 0.000000000000000000e+00
1.441999999999999993e+01 0.000000000000000000e+00
1.442999999999999972e+01 0.000000000000000000e+00
1.443999999999999950e+01 0.000000000000000000e+00
1.444999999999999929e+01 0.000000000000000000e+00
1.446000000000000085e+01 0.000000000000000000e+00
1.447000000000000064e+01 0.000000000000000000e+00
1.448000000000000043e+01 3.211747659879241610e+02
1.449000000000000021e+01 2.987870235398481782e+02
1.450000000000000000e+01 2.915091848470043487e+02
1.450999999999999979e+01 2.897268269166036134e+02
1.451999999999999957e+01 2.889407351440145248e+02
1.452999999999999936e+01 2.884803152625166831e+02
1.453999999999999915e+01 2.885775404178358485e+02
1.455000000000000071e+01 2.886763759843933030e+02
1.456000000000000050e+01 2.899118403151335315e+02
1.457000000000000028e+01 2.920100466992736870e+02
1.458000000000000007e+01 2.922104533767762859e+02
1.458999999999999986e+01 2.930521729046818677e+02
1.459999999999999964e+01 2.945056447614849162e+02
1.460999999999999943e+01 2.956183773995902584e+02
1.461999999999999922e+01 2.948268584610153766e+02
1.463000000000000078e+01 2.933323449335062492e+02
1.464000000000000057e+01 2.913842488016491075e+02
1.465000000000000036e+01 2.891889007795472253e+02
1.466000000000000014e+01 2.868879184295526557e+02
1.466999999999999993e+01 2.836734204150490655e+02
1.467999999999999972e+01 2.784846283768019930e+02
1.468999999999999950e+01 2.756201570853185672e+02
1.469999999999999929e+01 2.715001399653883709e+02
1.471000000000000085e+01 2.649010548702471510e+02
1.472000000000000064e+01 2.626067077036011597e+02
1.473000000000000043e+01 2.619375330535576722e+02
1.474000000000000021e+01 2.616360799095883749e+02
1.475000000000000000e+01 2.612391752161098566e+02
1.475999999999999979e+01 2.604609457892306636e+02
1.476999999999999957e+01 2.600687008319050051e+02
1.477999999999999936e+01 2.603020359963843475e+02
1.478999999999999915e+01 2.607517561216455988e+02
1.480000000000000071e+01 2.617647459336676548e+02
1.481000000000000050e+01 2.625893637224062331e+02
1.482000000000000028e+01 2.632822891092320674e+02
1.483000000000000007e+01 2.637413937965071682e+02
1.483999999999999986e+01 2.640415573615800895e+02
1.484999999999999964e+01 2.637249541261004424e+02
1.485999999999999943e+01 2.632334670126167566e+02
1.486999999999999922e+01 2.609789995896328492e+02
1.488000000000000078e+01 2.587688196188674965e+02
1.489000000000000057e+01 2.620209681185694421e+02
1.490000000000000036e+01 2.647391513083348400e+02
1.491000000000000014e+01 2.650667533215121807e+02
1.491999999999999993e+01 2.654718666317649536e+02
1.492999999999999972e+01 2.656205019584195952e+02
1.493999999999999950e+01 2.652448651449667523e+02
1.494999999999999929e+01 2.639749852028944588e+02
1.496000000000000085e+01 2.650307404400978726e+02
1.497000000000000064e+01 2.607069770216398297e+02
1.498000000000000043e+01 2.599668209910770429e+02
1.499000000000000021e+01 0.000000000000000000e+00
1.500000000000000000e+01 2.429758123238247549e+02
1.500999999999999979e+01 2.347803704450079465e+02
1.501999999999999957e+01 2.278870999733839824e+02
1.502999999999999936e+01 2.248318471542673080e+02
1.503999999999999915e+01 2.225957288152454794e+02
1.505000000000000071e+01 2.188928286596203634e+02
1.506000000000000050e+01 2.133720055249996790e+02
1.507000000000000028e+01 2.147422137432143359e+02
1.508000000000000007e+01 2.180876753026730057e+02
1.508999999999999986e+01 2.230595924446416518e+02
1.509999999999999964e+01 2.293020579616997168e+02
1.510999999999999943e+01 2.341812987874405110e+02
1.511999999999999922e+01 2.369665394252292572e+02
1.513000000000000078e+01 2.393554196768801319e+02
1.514000000000000057e+01 2.418358990497205241e+02
1.515000000000000036e+01 2.434153282220252379e+02
1.516000000000000014e+01 2.449971781316242527e+02
1.516999999999999993e+01 2.459005205097427051e+02
1.517999999999999972e+01 2.468685981143635217e+02
1.518999999999999950e+01 2.472409390048804880e+02
1.519999999999999929e+01 2.473074166629077695e+02
1.521000000000000085e+01 2.480449541476440629e+02
1.522000000000000064e+01 2.486786234396221289e+02
1.523000000000000043e+01 2.488675037785844211e+02
1.524000000000000021e+01 2.494860070397145080e+02
1.525000000000000000e+01 2.507070277244093575e+02
1.525999999999999979e+01 2.528723931733300390e+02
1.526999999999999957e+01 2.549683281700319526e+02
1.527999999999999936e+01 2.554984628067407755e+02
1.528999999999999915e+01 2.550774033673562542e+02
1.530000000000000071e+01 2.551870352092623193e+02
1.531000000000000050e+01 2.546318707159083488e+02
1.532000000000000028e+01 2.529845320674969003e+02
1.533000000000000007e+01 2.521003788310914047e+02
1.533999999999999986e+01 2.519782331137734843e+02
1.534999999999999964e+01 2.519826518903316526e+02
1.535999999999999943e+01 2.519459090150828615e+02
1.536999999999999922e+01 2.517454283249631430e+02
1.538000000000000078e+01 2.512291497194701719e+02
1.539000000000000057e+01 2.503430486838493323e+02
1.540000000000000036e+01 2.486830960587905679e+02
1.541000000000000014e+01 2.471752851347025910e+02
1.541999999999999993e+01 2.465349313345467976e+02
1.542999999999999972e+01 2.470783040912480715e+02
1.543999999999999950e+01 2.472954191894499161e+02
1.544999999999999929e+01 2.465700242068253374e+02
1.546000000000000085e+01 2.460791395934739398e+02
1.547000000000000064e+01 2.469632094936174553e+02
1.548000000000000043e+01 2.480262239664801598e+02
1.549000000000000021e+01 2.480796789018226889e+02
1.550000000000000000e+01 2.478734928604512504e+02
1.550999999999999979e+01 2.477367348939607723e+02
1.551999999999999957e+01 2.479730477954099683e+02
1.552999999999999936e+01 2.484951506254999458e+02
1.553999999999999915e+01 2.493162043843034326e+02
1.555000000000000071e+01 2.500075518266606878e+02
1.556000000000000050e+01 2.511004597188808134e+02
1.557000000000000028e+01 2.523400584079095097e+02
1.558000000000000007e+01 2.522585301396627244e+02
1.558999999999999986e+01 2.511657190013055185e+02
1.559999999999999964e+01 2.507935797608026860e+02
1.560999999999999943e+01 2.513775539531090999e+02
1.561999999999999922e+01 2.520271903319692797e+02
1.563000000000000078e+01 2.523103559973330050e+02
1.564000000000000057e+01 2.526525984224143713e+02
1.565000000000000036e+01 2.532579896771952406e+02
1.566000000000000014e+01 2.540933762215830427e+02
1.566999999999999993e+01 2.542421857558599640e+02
1.567999999999999972e+01 2.543541755645055957e+02
1.568999999999999950e+01 2.558844443073303978e+02
1.569999999999999929e+01 2.589283827232604267e+02
1.571000000000000085e+01 2.606439513668221934e+02
1.572000000000000064e+01 2.610097108413828551e+02
1.573000000000000043e+01 2.614061571838725513e+02
1.574000000000000021e+01 2.626881316229492995e+02
1.575000000000000000e+01 2.643780575621434537e+02
1.575999999999999979e+01 2.642167434874265837e+02
1.576999999999999957e+01 2.640033018808541101e+02
1.577999999999999936e+01 2.648250484657334027e+02
1.578999999999999915e+01 2.656840230704488590e+02
1.580000000000000071e+01 2.659879197438953042e+02
1.581000000000000050e+01 2.666371154550238884e+02
1.582000000000000028e+01 2.681100460874775990e+02
1.583000000000000007e+01 2.703286076144488561e+02
1.583999999999999986e+01 2.721080851701217398e+02
1.584999999999999964e+01 2.721841585601670204e+02
1.585999999999999943e+01 2.721972674114871324e+02
1.586999999999999922e+01 2.730577208047395743e+02
1.588000000000000078e+01 2.744767603595597620e+02
1.589000000000000057e+01 2.750215307470455741e+02
1.590000000000000036e+01 2.746005009216596591e+02
1.591000000000000014e+01 2.740471635900902356e+02
1.591999999999999993e+01 2.739832218087362889e+02
1.592999999999999972e+01 2.741913374005180231e+02
1.593999999999999950e+01 2.747833793172500236e+02
1.594999999999999929e+01 2.754969622152830766e+02
1.596000000000000085e+01 2.758151212018717047e+02
1.597000000000000064e+01 2.753961193940876342e+02
1.598000000000000043e+01 2.744847739353064071e+02
1.599000000000000021e+01 2.734043212185379161e+02
1.600000000000000000e+01 2.734418036266047238e+02
1.601000000000000156e+01 2.740908839472246541e+02
1.601999999999999957e+01 2.756930828133959608e+02
1.603000000000000114e+01 2.786420942967645829e+02
1.603999999999999915e+01 2.835239961320561406e+02
1.605000000000000071e+01 2.877308638266804905e+02
1.605999999999999872e+01 2.936808351893280928e+02
1.607000000000000028e+01 2.968484635497172803e+02
1.607999999999999829e+01 2.988386704551305684e+02
1.608999999999999986e+01 3.007036963489087498e+02
1.610000000000000142e+01 3.001804411427041828e+02
1.610999999999999943e+01 2.974267469423077728e+02
1.612000000000000099e+01 2.937131100829582806e+02
1.612999999999999901e+01 2.910703533155105447e+02
1.614000000000000057e+01 2.887066329504561963e+02
1.614999999999999858e+01 2.853277958959038756e+02
1.616000000000000014e+01 2.834589948848375798e+02
1.617000000000000171e+01 2.837738550978292551e+02
1.617999999999999972e+01 2.853597323385164373e+02
1.619000000000000128e+01 2.888507789718609615e+02
1.619999999999999929e+01 2.950154139465021217e+02
1.621000000000000085e+01 2.988573547100261294e+02
1.621999999999999886e+01 3.007408393306675407e+02
1.623000000000000043e+01 3.009113033649452404e+02
1.623999999999999844e+01 2.995277566230640218e+02
1.625000000000000000e+01 2.964552462946098785e+02
1.626000000000000156e+01 2.924807602956234973e+02
1.626999999999999957e+01 2.900392360336828688e+02
1.628000000000000114e+01 2.890356364154310427e+02
1.628999999999999915e+01 2.886760927378391557e+02
1.630000000000000071e+01 2.886314036834920103e+02
1.630999999999999872e+01 2.918180845141592386e+02
1.632000000000000028e+01 2.928496428970551619e+02
1.632999999999999829e+01 2.925260578684120674e+02
1.633999999999999986e+01 2.893640004630449312e+02
1.635000000000000142e+01 2.852144227439585507e+02
1.635999999999999943e+01 2.845678800515246394e+02
1.637000000000000099e+01 2.857479166675835813e+02
1.637999999999999901e+01 2.879729433185390235e+02
1.639000000000000057e+01 2.898799629631556627e+02
1.639999999999999858e+01 2.917879711870182859e+02
1.641000000000000014e+01 2.916000351086167939e+02
1.642000000000000171e+01 2.905490380774926393e+02
1.642999999999999972e+01 2.880222297174993855e+02
1.644000000000000128e+01 2.809544510809340636e+02
1.644999999999999929e+01 2.814493061513287557e+02
1.646000000000000085e+01 2.848879379516747576e+02
1.646999999999999886e+01 2.871256461437570238e+02
1.648000000000000043e+01 2.905652821513578488e+02
1.648999999999999844e+01 2.914640902181203046e+02
1.650000000000000000e+01 2.901200611863960148e+02
1.651000000000000156e+01 2.881087045711282144e+02
1.651999999999999957e+01 2.821627004627787301e+02
1.653000000000000114e+01 2.799632563044339122e+02
1.653999999999999915e+01 2.829923958676673692e+02
1.655000000000000071e+01 2.862961792713207956e+02
1.655999999999999872e+01 2.892700823896087741e+02
1.657000000000000028e+01 2.916222307664480695e+02
1.657999999999999829e+01 2.909109979700183999e+02
1.658999999999999986e+01 2.890485407140279221e+02
1.660000000000000142e+01 2.861213353005251179e+02
1.660999999999999943e+01 2.813312900749224923e+02
1.662000000000000099e+01 2.817174411377238812e+02
1.662999999999999901e+01 2.850284105981883727e+02
1.664000000000000057e+01 2.873907953407946252e+02
1.664999999999999858e+01 2.907368096161410449e+02
1.666000000000000014e+01 2.913818992865149653e+02
1.667000000000000171e+01 2.899819144725790352e+02
1.667999999999999972e+01 2.879153070047798906e+02
1.669000000000000128e+01 2.826307753422838118e+02
1.669999999999999929e+01 2.801790515125701404e+02
1.671000000000000085e+01 2.828781516515596195e+02
1.671999999999999886e+01 2.862299950608700669e+02
1.673000000000000043e+01 2.890530396445563497e+02
1.673999999999999844e+01 2.914359062537158707e+02
1.675000000000000000e+01 2.905204588533110837e+02
1.676000000000000156e+01 2.888387815705420962e+02
1.676999999999999957e+01 2.862686546554018605e+02
1.678000000000000114e+01 2.812735674124457432e+02
1.678999999999999915e+01 2.813960611115827533e+02
1.680000000000000071e+01 2.847631093852468780e+02
1.680999999999999872e+01 2.872956285777520407e+02
1.682000000000000028e+01 2.906272117227259741e+02
1.682999999999999829e+01 2.910325104239180973e+02
1.683999999999999986e+01 2.897309119086587543e+02
1.685000000000000142e+01 2.878554446714151140e+02
1.685999999999999943e+01 2.826981193969166952e+02
1.687000000000000099e+01 2.796971053441688468e+02
1.687999999999999901e+01 2.822660125591169162e+02
1.689000000000000057e+01 2.859104871852896395e+02
1.689999999999999858e+01 2.889986310187168783e+02
1.691000000000000014e+01 2.910790541487849623e+02
1.692000000000000171e+01 2.901272838517045329e+02
1.692999999999999972e+01 2.884905976930037923e+02
1.694000000000000128e+01 2.859594329846292453e+02
1.694999999999999929e+01 2.804878401479928129e+02
1.696000000000000085e+01 2.801348596562686453e+02
1.696999999999999886e+01 2.558043336997546362e+02
1.698000000000000043e+01 2.201747139797676596e+02
1.698999999999999844e+01 2.002379886151571782e+02
1.700000000000000000e+01 1.741479350284712950e+02
1.701000000000000156e+01 1.516857675834689587e+02
1.701999999999999957e+01 1.421884656948815007e+02
1.703000000000000114e+01 1.260303677436716328e+02
1.703999999999999915e+01 1.110562104213139776e+02
1.705000000000000071e+01 9.764540111733920469e+01
1.705999999999999872e+01 8.788126503824791769e+01
1.707000000000000028e+01 7.727913076560240313e+01
1.707999999999999829e+01 7.145889273366972816e+01
1.708999999999999986e+01 6.134338110211491824e+01
1.710000000000000142e+01 5.591987777397753945e+01
1.710999999999999943e+01 4.868798236261462620e+01
1.712000000000000099e+01 0.000000000000000000e+00
1.712999999999999901e+01 0.000000000000000000e+00
1.714000000000000057e+01 0.000000000000000000e+00
1.714999999999999858e+01 0.000000000000000000e+00
1.716000000000000014e+01 0.000000000000000000e+00
1.717000000000000171e+01 0.000000000000000000e+00
1.717999999999999972e+01 0.000000000000000000e+00
1.719000000000000128e+01 0.000000000000000000e+00
1.719999999999999929e+01 0.000000000000000000e+00
1.721000000000000085e+01 0.000000000000000000e+00
1.721999999999999886e+01 0.000000000000000000e+00
1.723000000000000043e+01 0.000000000000000000e+00
1.723999999999999844e+01 0.000000000000000000e+00
1.725000000000000000e+01 0.000000000000000000e+00
1.726000000000000156e+01 0.000000000000000000e+00
1.726999999999999957e+01 0.000000000000000000e+00
1.728000000000000114e+01 0.000000000000000000e+00
1.728999999999999915e+01 0.000000000000000000e+00
1.730000000000000071e+01 0.000000000000000000e+00
1.730999999999999872e+01 0.000000000000000000e+00
1.732000000000000028e+01 0.000000000000000000e+00
1.732999999999999829e+01 0.000000000000000000e+00
1.733999999999999986e+01 0.000000000000000000e+00
1.735000000000000142e+01 0.000000000000000000e+00
1.735999999999999943e+01 0.000000000000000000e+00
1.737000000000000099e+01 0.000000000000000000e+00
1.737999999999999901e+01 0.000000000000000000e+00
1.739000000000000057e+01 0.000000000000000000e+00
1.739999999999999858e+01 0.000000000000000000e+00
1.741000000000000014e+01 0.000000000000000000e+00
1.742000000000000171e+01 0.000000000000000000e+00
1.742999999999999972e+01 0.000000000000000000e+00
1.744000000000000128e+01 0.000000000000000000e+00
1.744999999999999929e+01 0.000000000000000000e+00
1.746000000000000085e+01 0.000000000000000000e+00
1.746999999999999886e+01 0.000000000000000000e+00
1.748000000000000043e+01 0.000000000000000000e+00
1.748999999999999844e+01 0.000000000000000000e+00
1.750000000000000000e+01 0.000000000000000000e+00
1.751000000000000156e+01 0.000000000000000000e+00
1.751999999999999957e+01 0.000000000000000000e+00
1.753000000000000114e+01 0.000000000000000000e+00
1.753999999999999915e+01 0.000000000000000000e+00
1.755000000000000071e+01 0.000000000000000000e+00
1.755999999999999872e+01 0.000000000000000000e+00
1.757000000000000028e+01 0.000000000000000000e+00
1.757999999999999829e+01 0.000000000000000000e+00
1.758999999999999986e+01 0.000000000000000000e+00
1.760000000000000142e+01 0.000000000000000000e+00
1.760999999999999943e+01 0.000000000000000000e+00
1.762000000000000099e+01 0.000000000000000000e+00
1.762999999999999901e+01 0.000000000000000000e+00
1.764000000000000057e+01 0.000000000000000000e+00
1.764999999999999858e+01 0.000000000000000000e+00
1.766000000000000014e+01 0.000000000000000000e+00
1.767000000000000171e+01 0.000000000000000000e+00
1.767999999999999972e+01 0.000000000000000000e+00
1.769000000000000128e+01 0.000000000000000000e+00
1.769999999999999929e+01 0.000000000000000000e+00
1.771000000000000085e+01 0.000000000000000000e+00
1.771999999999999886e+01 0.000000000000000000e+00
1.773000000000000043e+01 0.000000000000000000e+00
1.773999999999999844e+01 0.000000000000000000e+00
1.775000000000000000e+01 0.000000000000000000e+00
1.776000000000000156e+01 0.000000000000000000e+00
1.776999999999999957e+01 0.000000000000000000e+00
1.778000000000000114e+01 0.000000000000000000e+00
1.778999999999999915e+01 0.000000000000000000e+00
1.780000000000000071e+01 0.000000000000000000e+00
1.780999999999999872e+01 0.000000000000000000e+00
1.782000000000000028e+01 0.000000000000000000e+00
1.782999999999999829e+01 0.000000000000000000e+00
1.783999999999999986e+01 0.000000000000000000e+00
1.785000000000000142e+01 0.000000000000000000e+00
1.785999999999999943e+01 0.000000000000000000e+00
1.787000000000000099e+01 0.000000000000000000e+00
1.787999999999999901e+01 0.000000000000000000e+00
1.789000000000000057e+01 0.000000000000000000e+00
1.789999999999999858e+01 0.000000000000000000e+00
1.791000000000000014e+01 0.000000000000000000e+00
1.792000000000000171e+01 0.000000000000000000e+00
1.792999999999999972e+01 0.000000000000000000e+00
1.794000000000000128e+01 0.000000000000000000e+00
1.794999999999999929e+01 0.000000000000000000e+00
1.796000000000000085e+01 0.000000000000000000e+00
1.796999999999999886e+01 0.000000000000000000e+00
1.798000000000000043e+01 0.000000000000000000e+00
1.798999999999999844e+01 0.000000000000000000e+00
1.800000000000000000e+01 0.000000000000000000e+00
1.801000000000000156e+01 0.000000000000000000e+00
1.801999999999999957e+01 0.000000000000000000e+00
1.803000000000000114e+01 0.000000000000000000e+00
1.803999999999999915e+01 0.000000000000000000e+00
1.805000000000000071e+01 0.000000000000000000e+00
1.805999999999999872e+01 0.000000000000000000e+00
1.807000000000000028e+01 0.000000000000000000e+00
1.807999999999999829e+01 0.000000000000000000e+00
1.808999999999999986e+01 0.000000000000000000e+00
1.810000000000000142e+01 0.000000000000000000e+00
1.810999999999999943e+01 0.000000000000000000e+00
1.812000000000000099e+01 0.000000000000000000e+00
1.812999999999999901e+01 0.000000000000000000e+00
1.814000000000000057e+01 0.000000000000000000e+00
1.814999999999999858e+01 0.000000000000000000e+00
1.816000000000000014e+01 0.000000000000000000e+00
1.817000000000000171e+01 0.000000000000000000e+00
1.817999999999999972e+01 0.000000000000000000e+00
1.819000000000000128e+01 0.000000000000000000e+00
1.819999999999999929e+01 0.000000000000000000e+00
1.821000000000000085e+01 0.000000000000000000e+00
1.821999999999999886e+01 0.000000000000000000e+00
1.823000000000000043e+01 0.000000000000000000e+00
1.823999999999999844e+01 0.000000000000000000e+00
1.825000000000000000e+01 0.000000000000000000e+00
1.826000000000000156e+01 0.000000000000000000e+00
1.826999999999999957e+01 0.000000000000000000e+00
1.828000000000000114e+01 0.000000000000000000e+00
1.828999999999999915e+01 0.000000000000000000e+00
1.830000000000000071e+01 0.000000000000000000e+00
1.830999999999999872e+01 0.000000000000000000e+00
1.832000000000000028e+01 0.000000000000000000e+00
1.832999999999999829e+01 0.000000000000000000e+00
1.833999999999999986e+01 0.000000000000000000e+00
1.835000000000000142e+01 0.000000000000000000e+00
1.835999999999999943e+01 0.000000000000000000e+00
1.837000000000000099e+01 0.000000000000000000e+00
1.837999999999999901e+01 0.000000000000000000e+00
1.839000000000000057e+01 0.000000000000000000e+00
1.839999999999999858e+01 0.000000000000000000e+00
1.841000000000000014e+01 0.000000000000000000e+00
1.842000000000000171e+01 0.000000000000000000e+00
1.842999999999999972e+01 0.000000000000000000e+00
1.844000000000000128e+01 0.000000000000000000e+00
1.844999999999999929e+01 0.000000000000000000e+00
1.846000000000000085e+01 0.000000000000000000e+00
1.846999999999999886e+01 0.000000000000000000e+00
1.848000000000000043e+01 0.000000000000000000e+00
1.848999999999999844e+01 0.000000000000000000e+00
1.850000000000000000e+01 0.000000000000000000e+00
1.851000000000000156e+01 0.000000000000000000e+00
1.851999999999999957e+01 0.000000000000000000e+00
1.853000000000000114e+01 0.000000000000000000e+00
1.853999999999999915e+01 0.000000000000000000e+00
1.855000000000000071e+01 0.000000000000000000e+00
1.855999999999999872e+01 0.000000000000000000e+00
1.857000000000000028e+01 0.000000000000000000e+00
1.857999999999999829e+01 0.000000000000000000e+00
1.858999999999999986e+01 0.000000000000000000e+00
1.860000000000000142e+01 0.000000000000000000e+00
1.860999999999999943e+01 0.000000000000000000e+00
1.862000000000000099e+01 0.000000000000000000e+00
1.862999999999999901e+01 0.000000000000000000e+00
1.864000000000000057e+01 0.000000000000000000e+00
1.864999999999999858e+01 0.000000000000000000e+00
1.866000000000000014e+01 0.000000000000000000e+00
1.867000000000000171e+01 0.000000000000000000e+00
1.867999999999999972e+01 0.000000000000000000e+00
1.869000000000000128e+01 0.000000000000000000e+00
1.869999999999999929e+01 0.000000000000000000e+00
1.871000000000000085e+01 0.000000000000000000e+00
1.871999999999999886e+01 0.000000000000000000e+00
1.873000000000000043e+01 0.000000000000000000e+00
1.873999999999999844e+01 0.000000000000000000e+00
1.875000000000000000e+01 0.000000000000000000e+00
1.876000000000000156e+01 0.000000000000000000e+00
1.876999999999999957e+01 0.000000000000000000e+00
1.878000000000000114e+01 0.000000000000000000e+00
1.878999999999999915e+01 0.000000000000000000e+00
1.880000000000000071e+01 0.000000000000000000e+00
1.880999999999999872e+01 0.000000000000000000e+00
1.882000000000000028e+01 0.000000000000000000e+00
1.882999999999999829e+01 0.000000000000000000e+00
1.883999999999999986e+01 0.000000000000000000e+00
1.885000000000000142e+01 0.000000000000000000e+00
1.885999999999999943e+01 0.000000000000000000e+00
1.887000000000000099e+01 0.000000000000000000e+00
1.887999999999999901e+01 0.000000000000000000e+00
1.889000000000000057e+01 0.000000000000000000e+00
1.889999999999999858e+01 0.000000000000000000e+00
1.891000000000000014e+01 0.000000000000000000e+00
1.892000000000000171e+01 0.000000000000000000e+00
1.892999999999999972e+01 0.000000000000000000e+00
1.894000000000000128e+01 0.000000000000000000e+00
1.894999999999999929e+01 0.000000000000000000e+00
1.896000000000000085e+01 0.000000000000000000e+00
1.896999999999999886e+01 0.000000000000000000e+00
1.898000000000000043e+01 0.000000000000000000e+00
1.898999999999999844e+01 0.000000000000000000e+00
1.900000000000000000e+01 0.000000000000000000e+00
1.901000000000000156e+01 0.000000000000000000e+00
1.901999999999999957e+01 0.000000000000000000e+00
1.903000000000000114e+01 0.000000000000000000e+00
1.903999999999999915e+01 0.000000000000000000e+00
1.905000000000000071e+01 0.000000000000000000e+00
1.905999999999999872e+01 0.000000000000000000e+00
1.907000000000000028e+01 0.000000000000000000e+00
1.907999999999999829e+01 0.000000000000000000e+00
1.908999999999999986e+01 0.000000000000000000e+00
1.910000000000000142e+01 0.000000000000000000e+00
1.910999999999999943e+01 0.000000000000000000e+00
1.912000000000000099e+01 0.000000000000000000e+00
1.912999999999999901e+01 0.000000000000000000e+00
1.914000000000000057e+01 0.000000000000000000e+00
1.914999999999999858e+01 0.000000000000000000e+00
1.916000000000000014e+01 0.000000000000000000e+00
1.917000000000000171e+01 0.000000000000000000e+00
1.917999999999999972e+01 0.000000000000000000e+00
1.919000000000000128e+01 0.000000000000000000e+00
1.919999999999999929e+01 0.000000000000000000e+00
1.921000000000000085e+01 0.000000000000000000e+00
1.921999999999999886e+01 0.000000000000000000e+00
1.923000000000000043e+01 0.000000000000000000e+00
1.923999999999999844e+01 0.000000000000000000e+00
1.925000000000000000e+01 0.000000000000000000e+00
1.926000000000000156e+01 0.000000000000000000e+00
1.926999999999999957e+01 0.000000000000000000e+00
1.928000000000000114e+01 0.000000000000000000e+00
1.928999999999999915e+01 0.000000000000000000e+00
1.930000000000000071e+01 0.000000000000000000e+00
1.930999999999999872e+01 0.000000000000000000e+00
1.932000000000000028e+01 0.000000000000000000e+00
1.932999999999999829e+01 0.000000000000000000e+00
1.933999999999999986e+01 0.000000000000000000e+00
1.935000000000000142e+01 0.000000000000000000e+00
1.935999999999999943e+01 0.000000000000000000e+00
1.937000000000000099e+01 0.000000000000000000e+00
1.937999999999999901e+01 0.000000000000000000e+00
1.939000000000000057e+01 0.000000000000000000e+00
1.939999999999999858e+01 0.000000000000000000e+00
1.941000000000000014e+01 0.000000000000000000e+00
1.942000000000000171e+01 0.000000000000000000e+00
1.942999999999999972e+01 0.000000000000000000e+00
1.944000000000000128e+01 0.000000000000000000e+00
1.944999999999999929e+01 0.000000000000000000e+00
1.946000000000000085e+01 0.000000000000000000e+00
1.946999999999999886e+01 0.000000000000000000e+00
1.948000000000000043e+01 0.000000000000000000e+00
1.948999999999999844e+01 0.000000000000000000e+00
1.950000000000000000e+01 0.000000000000000000e+00
1.951000000000000156e+01 0.000000000000000000e+00
1.951999999999999957e+01 0.000000000000000000e+00
1.953000000000000114e+01 0.000000000000000000e+00
1.953999999999999915e+01 0.000000000000000000e+00
1.955000000000000071e+01 0.000000000000000000e+00
1.955999999999999872e+01 0.000000000000000000e+00
1.957000000000000028e+01 0.000000000000000000e+00
1.957999999999999829e+01 0.000000000000000000e+00
1.958999999999999986e+01 0.000000000000000000e+00
1.960000000000000142e+01 0.000000000000000000e+00
1.960999999999999943e+01 0.000000000000000000e+00
1.962000000000000099e+01 0.000000000000000000e+00
1.962999999999999901e+01 0.000000000000000000e+00
1.964000000000000057e+01 0.000000000000000000e+00
1.964999999999999858e+01 0.000000000000000000e+00
1.966000000000000014e+01 0.000000000000000000e+00
1.967000000000000171e+01 0.000000000000000000e+00
1.967999999999999972e+01 0.000000000000000000e+00
1.969000000000000128e+01 0.000000000000000000e+00
1.969999999999999929e+01 0.000000000000000000e+00
1.971000000000000085e+01 0.000000000000000000e+00
1.971999999999999886e+01 0.000000000000000000e+00
1.973000000000000043e+01 0.000000000000000000e+00
1.973999999999999844e+01 0.000000000000000000e+00
1.975000000000000000e+01 0.000000000000000000e+00
1.976000000000000156e+01 0.000000000000000000e+00
1.976999999999999957e+01 0.000000000000000000e+00
1.978000000000000114e+01 0.000000000000000000e+00
1.978999999999999915e+01 0.000000000000000000e+00
1.980000000000000071e+01 0.000000000000000000e+00
1.980999999999999872e+01 0.000000000000000000e+00
1.982000000000000028e+01 0.000000000000000000e+00
1.982999999999999829e+01 0.000000000000000000e+00
1.983999999999999986e+01 0.000000000000000000e+00
