0.000000000000000000e+00 1.878679917237758161e+02
1.000000000000000021e-02 1.894238275781220011e+02
2.000000000000000042e-02 1.913765529723353325e+02
2.999999999999999889e-02 1.948708142258102498e+02
4.000000000000000083e-02 2.061339095247507771e+02
5.000000000000000278e-02 2.136469552576495801e+02
5.999999999999999778e-02 2.242293673701516070e+02
7.000000000000000666e-02 2.319320426647489342e+02
8.000000000000000167e-02 2.385547311109227735e+02
8.999999999999999667e-02 2.445150487490714397e+02
1.000000000000000056e-01 2.512008492674249567e+02
1.100000000000000006e-01 2.567983973521859298e+02
1.199999999999999956e-01 2.601017474154547244e+02
1.300000000000000044e-01 2.624700165694780480e+02
1.400000000000000133e-01 2.657934989972694098e+02
1.499999999999999944e-01 2.695290102061420612e+02
1.600000000000000033e-01 2.730570718091300932e+02
1.700000000000000122e-01 2.749304014067968183e+02
1.799999999999999933e-01 2.763499371944371887e+02
1.900000000000000022e-01 2.775757301506114914e+02
2.000000000000000111e-01 2.788734249423997085e+02
2.099999999999999922e-01 2.804131727027695433e+02
2.200000000000000011e-01 2.821148843733606668e+02
2.300000000000000100e-01 2.827161973239603867e+02
2.399999999999999911e-01 2.823248525483508047e+02
2.500000000000000000e-01 2.815487728361239874e+02
2.600000000000000089e-01 2.818886231725795142e+02
2.700000000000000178e-01 0.000000000000000000e+00
2.800000000000000266e-01 2.966588347113956843e+02
2.899999999999999800e-01 2.987369877793773867e+02
2.999999999999999889e-01 2.953879946982356728e+02
3.099999999999999978e-01 0.000000000000000000e+00
3.200000000000000067e-01 2.528444483661887432e+02
3.300000000000000155e-01 2.447399158929267742e+02
3.400000000000000244e-01 2.424267485813281837e+02
3.499999999999999778e-01 2.393382287506218518e+02
3.599999999999999867e-01 2.371509935863508360e+02
3.699999999999999956e-01 2.344922142826987397e+02
3.800000000000000044e-01 2.321081913050572894e+02
3.900000000000000133e-01 2.288945726247631001e+02
4.000000000000000222e-01 2.251562893320225953e+02
4.099999999999999756e-01 2.207686109147190905e+02
4.199999999999999845e-01 2.137909715147981444e+02
4.299999999999999933e-01 2.072813510291359194e+02
4.400000000000000022e-01 0.000000000000000000e+00
4.500000000000000111e-01 1.881720425613477516e+02
4.600000000000000200e-01 1.823581943175270510e+02
4.699999999999999734e-01 1.753107685752187024e+02
4.799999999999999822e-01 1.696800606363599400e+02
4.899999999999999911e-01 1.657787607549890936e+02
5.000000000000000000e-01 1.660403931070466683e+02
5.100000000000000089e-01 1.697103162509794743e+02
5.200000000000000178e-01 1.770983505833532377e+02
5.300000000000000266e-01 1.828827050166785568e+02
5.400000000000000355e-01 1.882418230928364267e+02
5.500000000000000444e-01 1.943846239677183689e+02
5.600000000000000533e-01 0.000000000000000000e+00
5.699999999999999512e-01 2.082655539652369896e+02
5.799999999999999600e-01 0.000000000000000000e+00
5.899999999999999689e-01 2.417809954975534481e+02
5.999999999999999778e-01 2.507208700111327460e+02
6.099999999999999867e-01 2.601844127725612452e+02
6.199999999999999956e-01 2.686854534283775706e+02
6.300000000000000044e-01 2.753196246145400323e+02
6.400000000000000133e-01 2.800054516347075264e+02
6.500000000000000222e-01 2.856630587997708517e+02
6.600000000000000311e-01 2.909761423154471345e+02
6.700000000000000400e-01 2.939326477109821099e+02
6.800000000000000488e-01 2.958857695382403108e+02
6.899999999999999467e-01 2.964565763982812427e+02
6.999999999999999556e-01 2.958236583122420029e+02
7.099999999999999645e-01 2.947847966541451683e+02
7.199999999999999734e-01 2.941561384059125430e+02
7.299999999999999822e-01 2.941556876769170685e+02
7.399999999999999911e-01 2.946065889485146272e+02
7.500000000000000000e-01 2.958043853202780156e+02
7.600000000000000089e-01 2.973694145759614003e+02
7.700000000000000178e-01 2.988056190266302679e+02
7.800000000000000266e-01 2.996269052334427556e+02
7.900000000000000355e-01 2.995068560491662311e+02
8.000000000000000444e-01 2.981884128915664860e+02
8.100000000000000533e-01 2.957383755994241028e+02
8.199999999999999512e-01 2.941085369872583897e+02
8.299999999999999600e-01 2.907398427327223658e+02
8.399999999999999689e-01 0.000000000000000000e+00
8.499999999999999778e-01 0.000000000000000000e+00
8.599999999999999867e-01 0.000000000000000000e+00
8.699999999999999956e-01 2.269393042972386070e+02
8.800000000000000044e-01 0.000000000000000000e+00
8.900000000000000133e-01 0.000000000000000000e+00
9.000000000000000222e-01 0.000000000000000000e+00
9.100000000000000311e-01 0.000000000000000000e+00
9.200000000000000400e-01 0.000000000000000000e+00
9.300000000000000488e-01 0.000000000000000000e+00
9.399999999999999467e-01 0.000000000000000000e+00
9.499999999999999556e-01 0.000000000000000000e+00
9.599999999999999645e-01 2.095884727461011607e+02
9.699999999999999734e-01 0.000000000000000000e+00
9.799999999999999822e-01 0.000000000000000000e+00
9.899999999999999911e-01 1.903602164847384586e+02
1.000000000000000000e+00 1.874256674010032953e+02
1.010000000000000009e+00 1.858747795382595882e+02
1.020000000000000018e+00 1.850216791526227382e+02
1.030000000000000027e+00 1.851260726092791060e+02
1.040000000000000036e+00 1.859936007482737637e+02
1.050000000000000044e+00 1.880644111783019241e+02
1.060000000000000053e+00 1.919065424875161625e+02
1.070000000000000062e+00 1.964222832622539840e+02
1.080000000000000071e+00 2.039756541948500512e+02
1.090000000000000080e+00 0.000000000000000000e+00
1.100000000000000089e+00 0.000000000000000000e+00
1.110000000000000098e+00 0.000000000000000000e+00
1.120000000000000107e+00 0.000000000000000000e+00
1.129999999999999893e+00 2.780362675875420564e+02
1.139999999999999902e+00 2.940178202382830364e+02
1.149999999999999911e+00 2.944567555720182668e+02
1.159999999999999920e+00 2.972447463734448547e+02
1.169999999999999929e+00 3.020068609637090162e+02
1.179999999999999938e+00 3.049678839352459363e+02
1.189999999999999947e+00 3.067079678923525989e+02
1.199999999999999956e+00 3.077270379098343938e+02
1.209999999999999964e+00 3.071454921678348455e+02
1.219999999999999973e+00 3.044971801103450844e+02
1.229999999999999982e+00 3.011708740969817768e+02
1.239999999999999991e+00 2.978389580043907472e+02
1.250000000000000000e+00 2.954512618611593098e+02
1.260000000000000009e+00 2.943188017828123861e+02
1.270000000000000018e+00 2.935312441181698659e+02
1.280000000000000027e+00 2.927126842076190769e+02
1.290000000000000036e+00 2.922706125413188829e+02
1.300000000000000044e+00 2.916196793280398651e+02
1.310000000000000053e+00 2.895647889533900070e+02
1.320000000000000062e+00 2.877697097306303817e+02
1.330000000000000071e+00 2.870644240778079848e+02
1.340000000000000080e+00 2.875051680972979398e+02
1.350000000000000089e+00 2.885250745748512031e+02
1.360000000000000098e+00 2.891507377025973824e+02
1.370000000000000107e+00 2.891392247749206490e+02
1.379999999999999893e+00 2.894533326522661127e+02
1.389999999999999902e+00 2.905823082706516516e+02
1.399999999999999911e+00 2.918330485549605555e+02
1.409999999999999920e+00 2.934139905502374859e+02
1.419999999999999929e+00 2.944249915430739293e+02
1.429999999999999938e+00 2.948730880985296494e+02
1.439999999999999947e+00 2.953249578410824370e+02
1.449999999999999956e+00 2.959304385073850199e+02
1.459999999999999964e+00 2.962718938885338957e+02
1.469999999999999973e+00 2.962061550291723506e+02
1.479999999999999982e+00 2.958080229746843770e+02
1.489999999999999991e+00 2.954553116219329354e+02
1.500000000000000000e+00 2.953507629317106193e+02
1.510000000000000009e+00 2.954535492542810857e+02
1.520000000000000018e+00 2.957118518881386535e+02
1.530000000000000027e+00 2.960930193142957023e+02
1.540000000000000036e+00 2.969406450252103582e+02
1.550000000000000044e+00 2.970259684954957606e+02
1.560000000000000053e+00 2.959344291331320846e+02
1.570000000000000062e+00 2.937164394038848059e+02
1.580000000000000071e+00 0.000000000000000000e+00
1.590000000000000080e+00 0.000000000000000000e+00
1.600000000000000089e+00 0.000000000000000000e+00
1.610000000000000098e+00 0.000000000000000000e+00
1.620000000000000107e+00 0.000000000000000000e+00
1.629999999999999893e+00 3.228238610810623186e+02
1.639999999999999902e+00 3.276233974017715127e+02
1.649999999999999911e+00 0.000000000000000000e+00
1.659999999999999920e+00 3.502176454658971352e+02
1.669999999999999929e+00 3.474269745370776263e+02
1.679999999999999938e+00 3.398819395587637473e+02
1.689999999999999947e+00 3.370814788727357154e+02
1.699999999999999956e+00 3.350417794354036687e+02
1.709999999999999964e+00 3.333285692199813752e+02
1.719999999999999973e+00 3.340027148714205509e+02
1.729999999999999982e+00 3.335231958058226951e+02
1.739999999999999991e+00 3.325889229748393063e+02
1.750000000000000000e+00 3.314740019294800391e+02
1.760000000000000009e+00 3.310419312464529753e+02
1.770000000000000018e+00 3.310712082751972503e+02
1.780000000000000027e+00 3.312242658962596806e+02
1.790000000000000036e+00 3.319190982218880208e+02
1.800000000000000044e+00 3.324923686241416476e+02
1.810000000000000053e+00 3.327793990595679361e+02
1.820000000000000062e+00 3.330909235173009506e+02
1.830000000000000071e+00 3.336801544586043065e+02
1.840000000000000080e+00 3.343870574919733372e+02
1.850000000000000089e+00 3.352100570966847499e+02
1.860000000000000098e+00 3.354489860722148364e+02
1.870000000000000107e+00 3.343903080147370588e+02
1.879999999999999893e+00 3.324180481048750266e+02
1.889999999999999902e+00 3.292617445591134810e+02
1.899999999999999911e+00 3.237306531000882046e+02
1.909999999999999920e+00 3.169657099392591704e+02
1.919999999999999929e+00 0.000000000000000000e+00
1.929999999999999938e+00 0.000000000000000000e+00
1.939999999999999947e+00 0.000000000000000000e+00
1.949999999999999956e+00 0.000000000000000000e+00
1.959999999999999964e+00 0.000000000000000000e+00
1.969999999999999973e+00 0.000000000000000000e+00
1.979999999999999982e+00 0.000000000000000000e+00
1.989999999999999991e+00 0.000000000000000000e+00
2.000000000000000000e+00 0.000000000000000000e+00
2.009999999999999787e+00 0.000000000000000000e+00
2.020000000000000018e+00 0.000000000000000000e+00
2.029999999999999805e+00 2.870574891040698731e+02
2.040000000000000036e+00 2.845446020357989028e+02
2.049999999999999822e+00 2.853070593176170178e+02
2.060000000000000053e+00 2.855262333659561023e+02
2.069999999999999840e+00 2.853931389697008854e+02
2.080000000000000071e+00 2.855586180284087732e+02
2.089999999999999858e+00 2.875106501843883393e+02
2.100000000000000089e+00 2.900882806898262629e+02
2.109999999999999876e+00 2.929939722922109127e+02
2.120000000000000107e+00 2.955067555055561570e+02
2.129999999999999893e+00 2.973859203709191661e+02
2.140000000000000124e+00 2.987910027766934604e+02
2.149999999999999911e+00 2.995932002531066018e+02
2.160000000000000142e+00 3.002362152543905722e+02
2.169999999999999929e+00 3.010400701841298314e+02
2.180000000000000160e+00 3.014490295334181837e+02
2.189999999999999947e+00 3.010301115952840405e+02
2.200000000000000178e+00 2.987870043312700545e+02
2.209999999999999964e+00 2.939701439910850240e+02
2.220000000000000195e+00 2.892993729355172263e+02
2.229999999999999982e+00 2.847612299822457658e+02
2.240000000000000213e+00 2.790221616724410865e+02
2.250000000000000000e+00 2.739733988854068798e+02
2.259999999999999787e+00 2.674954694783607465e+02
2.270000000000000018e+00 0.000000000000000000e+00
2.279999999999999805e+00 2.436927632609897216e+02
2.290000000000000036e+00 0.000000000000000000e+00
2.299999999999999822e+00 0.000000000000000000e+00
2.310000000000000053e+00 0.000000000000000000e+00
2.319999999999999840e+00 0.000000000000000000e+00
2.330000000000000071e+00 0.000000000000000000e+00
2.339999999999999858e+00 0.000000000000000000e+00
2.350000000000000089e+00 0.000000000000000000e+00
2.359999999999999876e+00 0.000000000000000000e+00
2.370000000000000107e+00 0.000000000000000000e+00
2.379999999999999893e+00 0.000000000000000000e+00
2.390000000000000124e+00 0.000000000000000000e+00
2.399999999999999911e+00 0.000000000000000000e+00
2.410000000000000142e+00 0.000000000000000000e+00
2.419999999999999929e+00 0.000000000000000000e+00
2.430000000000000160e+00 0.000000000000000000e+00
2.439999999999999947e+00 0.000000000000000000e+00
2.450000000000000178e+00 0.000000000000000000e+00
2.459999999999999964e+00 0.000000000000000000e+00
2.470000000000000195e+00 0.000000000000000000e+00
2.479999999999999982e+00 0.000000000000000000e+00
2.490000000000000213e+00 0.000000000000000000e+00
2.500000000000000000e+00 0.000000000000000000e+00
2.509999999999999787e+00 0.000000000000000000e+00
2.520000000000000018e+00 0.000000000000000000e+00
2.529999999999999805e+00 0.000000000000000000e+00
2.540000000000000036e+00 0.000000000000000000e+00
2.549999999999999822e+00 0.000000000000000000e+00
2.560000000000000053e+00 0.000000000000000000e+00
2.569999999999999840e+00 0.000000000000000000e+00
2.580000000000000071e+00 0.000000000000000000e+00
2.589999999999999858e+00 0.000000000000000000e+00
2.600000000000000089e+00 0.000000000000000000e+00
2.609999999999999876e+00 0.000000000000000000e+00
2.620000000000000107e+00 0.000000000000000000e+00
2.629999999999999893e+00 0.000000000000000000e+00
2.640000000000000124e+00 0.000000000000000000e+00
2.649999999999999911e+00 0.000000000000000000e+00
2.660000000000000142e+00 0.000000000000000000e+00
2.669999999999999929e+00 0.000000000000000000e+00
2.680000000000000160e+00 0.000000000000000000e+00
2.689999999999999947e+00 0.000000000000000000e+00
2.700000000000000178e+00 0.000000000000000000e+00
2.709999999999999964e+00 0.000000000000000000e+00
2.720000000000000195e+00 0.000000000000000000e+00
2.729999999999999982e+00 0.000000000000000000e+00
2.740000000000000213e+00 0.000000000000000000e+00
2.750000000000000000e+00 0.000000000000000000e+00
2.759999999999999787e+00 0.000000000000000000e+00
2.770000000000000018e+00 0.000000000000000000e+00
2.779999999999999805e+00 0.000000000000000000e+00
2.790000000000000036e+00 0.000000000000000000e+00
2.799999999999999822e+00 0.000000000000000000e+00
2.810000000000000053e+00 0.000000000000000000e+00
2.819999999999999840e+00 0.000000000000000000e+00
2.830000000000000071e+00 0.000000000000000000e+00
2.839999999999999858e+00 0.000000000000000000e+00
2.850000000000000089e+00 0.000000000000000000e+00
2.859999999999999876e+00 0.000000000000000000e+00
2.870000000000000107e+00 0.000000000000000000e+00
2.879999999999999893e+00 0.000000000000000000e+00
2.890000000000000124e+00 0.000000000000000000e+00
2.899999999999999911e+00 0.000000000000000000e+00
2.910000000000000142e+00 0.000000000000000000e+00
2.919999999999999929e+00 0.000000000000000000e+00
2.930000000000000160e+00 0.000000000000000000e+00
2.939999999999999947e+00 0.000000000000000000e+00
2.950000000000000178e+00 0.000000000000000000e+00
2.959999999999999964e+00 0.000000000000000000e+00
2.970000000000000195e+00 0.000000000000000000e+00
2.979999999999999982e+00 0.000000000000000000e+00
2.990000000000000213e+00 0.000000000000000000e+00
3.000000000000000000e+00 0.000000000000000000e+00
3.009999999999999787e+00 0.000000000000000000e+00
3.020000000000000018e+00 0.000000000000000000e+00
3.029999999999999805e+00 0.000000000000000000e+00
3.040000000000000036e+00 0.000000000000000000e+00
3.049999999999999822e+00 0.000000000000000000e+00
3.060000000000000053e+00 0.000000000000000000e+00
3.069999999999999840e+00 0.000000000000000000e+00
3.080000000000000071e+00 0.000000000000000000e+00
3.089999999999999858e+00 0.000000000000000000e+00
3.100000000000000089e+00 0.000000000000000000e+00
3.109999999999999876e+00 0.000000000000000000e+00
3.120000000000000107e+00 0.000000000000000000e+00
3.129999999999999893e+00 0.000000000000000000e+00
3.140000000000000124e+00 0.000000000000000000e+00
3.149999999999999911e+00 0.000000000000000000e+00
3.160000000000000142e+00 0.000000000000000000e+00
3.169999999999999929e+00 0.000000000000000000e+00
3.180000000000000160e+00 0.000000000000000000e+00
3.189999999999999947e+00 0.000000000000000000e+00
3.200000000000000178e+00 0.000000000000000000e+00
3.209999999999999964e+00 0.000000000000000000e+00
3.220000000000000195e+00 0.000000000000000000e+00
3.229999999999999982e+00 0.000000000000000000e+00
3.240000000000000213e+00 0.000000000000000000e+00
3.250000000000000000e+00 0.000000000000000000e+00
3.259999999999999787e+00 0.000000000000000000e+00
3.270000000000000018e+00 0.000000000000000000e+00
3.279999999999999805e+00 0.000000000000000000e+00
3.290000000000000036e+00 0.000000000000000000e+00
3.299999999999999822e+00 0.000000000000000000e+00
3.310000000000000053e+00 0.000000000000000000e+00
3.319999999999999840e+00 0.000000000000000000e+00
3.330000000000000071e+00 0.000000000000000000e+00
3.339999999999999858e+00 0.000000000000000000e+00
3.350000000000000089e+00 0.000000000000000000e+00
3.359999999999999876e+00 0.000000000000000000e+00
3.370000000000000107e+00 0.000000000000000000e+00
3.379999999999999893e+00 0.000000000000000000e+00
3.390000000000000124e+00 0.000000000000000000e+00
3.399999999999999911e+00 0.000000000000000000e+00
3.410000000000000142e+00 0.000000000000000000e+00
3.419999999999999929e+00 0.000000000000000000e+00
3.430000000000000160e+00 0.000000000000000000e+00
3.439999999999999947e+00 0.000000000000000000e+00
3.450000000000000178e+00 0.000000000000000000e+00
3.459999999999999964e+00 0.000000000000000000e+00
3.470000000000000195e+00 0.000000000000000000e+00
3.479999999999999982e+00 0.000000000000000000e+00
3.490000000000000213e+00 0.000000000000000000e+00
3.500000000000000000e+00 0.000000000000000000e+00
3.509999999999999787e+00 0.000000000000000000e+00
3.520000000000000018e+00 0.000000000000000000e+00
3.529999999999999805e+00 0.000000000000000000e+00
3.540000000000000036e+00 0.000000000000000000e+00
3.549999999999999822e+00 0.000000000000000000e+00
3.560000000000000053e+00 0.000000000000000000e+00
3.569999999999999840e+00 0.000000000000000000e+00
3.580000000000000071e+00 0.000000000000000000e+00
3.589999999999999858e+00 0.000000000000000000e+00
3.600000000000000089e+00 0.000000000000000000e+00
3.609999999999999876e+00 0.000000000000000000e+00
3.620000000000000107e+00 0.000000000000000000e+00
3.629999999999999893e+00 0.000000000000000000e+00
3.640000000000000124e+00 0.000000000000000000e+00
3.649999999999999911e+00 0.000000000000000000e+00
3.660000000000000142e+00 0.000000000000000000e+00
3.669999999999999929e+00 0.000000000000000000e+00
3.680000000000000160e+00 0.000000000000000000e+00
3.689999999999999947e+00 0.000000000000000000e+00
3.700000000000000178e+00 0.000000000000000000e+00
3.709999999999999964e+00 0.000000000000000000e+00
3.720000000000000195e+00 0.000000000000000000e+00
3.729999999999999982e+00 0.000000000000000000e+00
3.740000000000000213e+00 0.000000000000000000e+00
3.750000000000000000e+00 0.000000000000000000e+00
3.759999999999999787e+00 0.000000000000000000e+00
3.770000000000000018e+00 0.000000000000000000e+00
3.779999999999999805e+00 0.000000000000000000e+00
3.790000000000000036e+00 0.000000000000000000e+00
3.799999999999999822e+00 0.000000000000000000e+00
3.810000000000000053e+00 0.000000000000000000e+00
3.819999999999999840e+00 0.000000000000000000e+00
3.830000000000000071e+00 0.000000000000000000e+00
3.839999999999999858e+00 0.000000000000000000e+00
3.850000000000000089e+00 0.000000000000000000e+00
3.859999999999999876e+00 0.000000000000000000e+00
3.870000000000000107e+00 0.000000000000000000e+00
3.879999999999999893e+00 0.000000000000000000e+00
3.890000000000000124e+00 0.000000000000000000e+00
3.899999999999999911e+00 0.000000000000000000e+00
3.910000000000000142e+00 0.000000000000000000e+00
3.919999999999999929e+00 0.000000000000000000e+00
3.930000000000000160e+00 0.000000000000000000e+00
3.939999999999999947e+00 0.000000000000000000e+00
3.950000000000000178e+00 0.000000000000000000e+00
3.959999999999999964e+00 0.000000000000000000e+00
3.970000000000000195e+00 0.000000000000000000e+00
3.979999999999999982e+00 0.000000000000000000e+00
3.990000000000000213e+00 0.000000000000000000e+00
4.000000000000000000e+00 0.000000000000000000e+00
4.009999999999999787e+00 0.000000000000000000e+00
4.019999999999999574e+00 0.000000000000000000e+00
4.030000000000000249e+00 0.000000000000000000e+00
4.040000000000000036e+00 0.000000000000000000e+00
4.049999999999999822e+00 0.000000000000000000e+00
4.059999999999999609e+00 0.000000000000000000e+00
4.070000000000000284e+00 0.000000000000000000e+00
4.080000000000000071e+00 0.000000000000000000e+00
4.089999999999999858e+00 0.000000000000000000e+00
4.099999999999999645e+00 0.000000000000000000e+00
4.110000000000000320e+00 0.000000000000000000e+00
4.120000000000000107e+00 0.000000000000000000e+00
4.129999999999999893e+00 0.000000000000000000e+00
4.139999999999999680e+00 0.000000000000000000e+00
4.150000000000000355e+00 0.000000000000000000e+00
4.160000000000000142e+00 0.000000000000000000e+00
4.169999999999999929e+00 0.000000000000000000e+00
4.179999999999999716e+00 0.000000000000000000e+00
4.190000000000000391e+00 0.000000000000000000e+00
4.200000000000000178e+00 0.000000000000000000e+00
4.209999999999999964e+00 0.000000000000000000e+00
4.219999999999999751e+00 0.000000000000000000e+00
4.230000000000000426e+00 0.000000000000000000e+00
4.240000000000000213e+00 0.000000000000000000e+00
4.250000000000000000e+00 0.000000000000000000e+00
4.259999999999999787e+00 0.000000000000000000e+00
4.269999999999999574e+00 0.000000000000000000e+00
4.280000000000000249e+00 0.000000000000000000e+00
4.290000000000000036e+00 0.000000000000000000e+00
4.299999999999999822e+00 0.000000000000000000e+00
4.309999999999999609e+00 0.000000000000000000e+00
4.320000000000000284e+00 0.000000000000000000e+00
4.330000000000000071e+00 0.000000000000000000e+00
4.339999999999999858e+00 0.000000000000000000e+00
4.349999999999999645e+00 0.000000000000000000e+00
4.360000000000000320e+00 0.000000000000000000e+00
4.370000000000000107e+00 0.000000000000000000e+00
4.379999999999999893e+00 0.000000000000000000e+00
4.389999999999999680e+00 0.000000000000000000e+00
4.400000000000000355e+00 0.000000000000000000e+00
4.410000000000000142e+00 0.000000000000000000e+00
4.419999999999999929e+00 0.000000000000000000e+00
4.429999999999999716e+00 0.000000000000000000e+00
4.440000000000000391e+00 0.000000000000000000e+00
4.450000000000000178e+00 0.000000000000000000e+00
4.459999999999999964e+00 0.000000000000000000e+00
4.469999999999999751e+00 0.000000000000000000e+00
4.480000000000000426e+00 0.000000000000000000e+00
4.490000000000000213e+00 0.000000000000000000e+00
4.500000000000000000e+00 0.000000000000000000e+00
4.509999999999999787e+00 0.000000000000000000e+00
4.519999999999999574e+00 0.000000000000000000e+00
4.530000000000000249e+00 0.000000000000000000e+00
4.540000000000000036e+00 0.000000000000000000e+00
4.549999999999999822e+00 0.000000000000000000e+00
4.559999999999999609e+00 0.000000000000000000e+00
4.570000000000000284e+00 0.000000000000000000e+00
4.580000000000000071e+00 0.000000000000000000e+00
4.589999999999999858e+00 0.000000000000000000e+00
4.599999999999999645e+00 0.000000000000000000e+00
4.610000000000000320e+00 0.000000000000000000e+00
4.620000000000000107e+00 0.000000000000000000e+00
4.629999999999999893e+00 1.258817478906549070e+02
4.639999999999999680e+00 1.258577417452338807e+02
4.650000000000000355e+00 1.264580994695162133e+02
4.660000000000000142e+00 1.284987999046155949e+02
4.669999999999999929e+00 1.307927838946112047e+02
4.679999999999999716e+00 1.329977551014781625e+02
4.690000000000000391e+00 1.354184894447971033e+02
4.700000000000000178e+00 1.374155966823360870e+02
4.709999999999999964e+00 1.385237521278996269e+02
4.719999999999999751e+00 1.391633609194631731e+02
4.730000000000000426e+00 1.467424518202274442e+02
4.740000000000000213e+00 0.000000000000000000e+00
4.750000000000000000e+00 1.719281959418359520e+02
4.759999999999999787e+00 1.747677714901855097e+02
4.769999999999999574e+00 1.795853024364325279e+02
4.780000000000000249e+00 1.818603457455134276e+02
4.790000000000000036e+00 1.827378059071847645e+02
4.799999999999999822e+00 1.815029515224408385e+02
4.809999999999999609e+00 1.780562987970357369e+02
4.820000000000000284e+00 1.767944871280556640e+02
4.830000000000000071e+00 1.764485021489925884e+02
4.839999999999999858e+00 1.766133751191091790e+02
4.849999999999999645e+00 1.770602436812338283e+02
4.860000000000000320e+00 1.763199239103509797e+02
4.870000000000000107e+00 1.746735230238560632e+02
4.879999999999999893e+00 1.708483404932673295e+02
4.889999999999999680e+00 0.000000000000000000e+00
4.900000000000000355e+00 0.000000000000000000e+00
4.910000000000000142e+00 0.000000000000000000e+00
4.919999999999999929e+00 0.000000000000000000e+00
4.929999999999999716e+00 0.000000000000000000e+00
4.940000000000000391e+00 0.000000000000000000e+00
4.950000000000000178e+00 0.000000000000000000e+00
4.959999999999999964e+00 0.000000000000000000e+00
4.969999999999999751e+00 0.000000000000000000e+00
4.980000000000000426e+00 0.000000000000000000e+00
4.990000000000000213e+00 0.000000000000000000e+00
5.000000000000000000e+00 0.000000000000000000e+00
5.009999999999999787e+00 0.000000000000000000e+00
5.019999999999999574e+00 0.000000000000000000e+00
5.030000000000000249e+00 1.907462117619421349e+02
5.040000000000000036e+00 1.926927090414372401e+02
5.049999999999999822e+00 1.949673538705353621e+02
5.059999999999999609e+00 1.973921366936066875e+02
5.070000000000000284e+00 2.011138801704122443e+02
5.080000000000000071e+00 2.034476415596380434e+02
5.089999999999999858e+00 2.050115870848996451e+02
5.099999999999999645e+00 2.058049750715459822e+02
5.110000000000000320e+00 2.060547171165659392e+02
5.120000000000000107e+00 2.060163943005387068e+02
5.129999999999999893e+00 2.053566211106134176e+02
5.139999999999999680e+00 2.039652967840724784e+02
5.150000000000000355e+00 2.015239304864624046e+02
5.160000000000000142e+00 1.983314986475856472e+02
5.169999999999999929e+00 1.940072175457538037e+02
5.179999999999999716e+00 1.879032562917582823e+02
5.190000000000000391e+00 0.000000000000000000e+00
5.200000000000000178e+00 1.747695986888384141e+02
5.209999999999999964e+00 0.000000000000000000e+00
5.219999999999999751e+00 0.000000000000000000e+00
5.230000000000000426e+00 2.058091752291355192e+02
5.240000000000000213e+00 2.160083532977548941e+02
5.250000000000000000e+00 2.206795893016062564e+02
5.259999999999999787e+00 2.252387139744623994e+02
5.269999999999999574e+00 0.000000000000000000e+00
5.280000000000000249e+00 0.000000000000000000e+00
5.290000000000000036e+00 0.000000000000000000e+00
5.299999999999999822e+00 0.000000000000000000e+00
5.309999999999999609e+00 0.000000000000000000e+00
5.320000000000000284e+00 0.000000000000000000e+00
5.330000000000000071e+00 3.236153257604145210e+02
5.339999999999999858e+00 3.170794421484259260e+02
5.349999999999999645e+00 3.127618844352972474e+02
5.360000000000000320e+00 3.124017890357096121e+02
5.370000000000000107e+00 3.129189372949088579e+02
5.379999999999999893e+00 3.136621516215675456e+02
5.389999999999999680e+00 3.133925883234613821e+02
5.400000000000000355e+00 3.124489052800428226e+02
5.410000000000000142e+00 3.107395790140430449e+02
5.419999999999999929e+00 3.069605263091251572e+02
5.429999999999999716e+00 3.030576445739723681e+02
5.440000000000000391e+00 2.977766591008263504e+02
5.450000000000000178e+00 2.921965912961125014e+02
5.459999999999999964e+00 2.879622353989598196e+02
5.469999999999999751e+00 2.827506013034386569e+02
5.480000000000000426e+00 2.775547586628355248e+02
5.490000000000000213e+00 2.799551331606486428e+02
5.500000000000000000e+00 2.900177876410270414e+02
5.509999999999999787e+00 2.914010881285541927e+02
5.519999999999999574e+00 2.891441857100539892e+02
5.530000000000000249e+00 2.863797569494962545e+02
5.540000000000000036e+00 2.842446461330093825e+02
5.549999999999999822e+00 2.811936647825367004e+02
5.559999999999999609e+00 2.783398233752002398e+02
5.570000000000000284e+00 2.766226044584117858e+02
5.580000000000000071e+00 2.754993995528863024e+02
5.589999999999999858e+00 2.750626699046221120e+02
5.599999999999999645e+00 2.747777112780125890e+02
5.610000000000000320e+00 2.752859902113877979e+02
5.620000000000000107e+00 2.759701774499135922e+02
5.629999999999999893e+00 2.767612433946781039e+02
5.639999999999999680e+00 2.765807606865103025e+02
5.650000000000000355e+00 2.760732447985687941e+02
5.660000000000000142e+00 2.750612931989315371e+02
5.669999999999999929e+00 2.747700851740710277e+02
5.679999999999999716e+00 2.763952210131453739e+02
5.690000000000000391e+00 2.780224985426529543e+02
5.700000000000000178e+00 2.784166105728279490e+02
5.709999999999999964e+00 2.784215112900460554e+02
5.719999999999999751e+00 2.783971906033746677e+02
5.730000000000000426e+00 2.781130858269760893e+02
5.740000000000000213e+00 2.771019735942389275e+02
5.750000000000000000e+00 2.761119433376084089e+02
5.759999999999999787e+00 2.749932486899680271e+02
5.769999999999999574e+00 2.738572395311289824e+02
5.780000000000000249e+00 2.720894918042743598e+02
5.790000000000000036e+00 2.696036628264852766e+02
5.799999999999999822e+00 2.655890373088196839e+02
5.809999999999999609e+00 2.620145547918266402e+02
5.820000000000000284e+00 2.600090423041855274e+02
5.830000000000000071e+00 2.565454937210318462e+02
5.839999999999999858e+00 0.000000000000000000e+00
5.849999999999999645e+00 2.203908546098396641e+02
5.860000000000000320e+00 2.151435100635050617e+02
5.870000000000000107e+00 2.092998187395384946e+02
5.879999999999999893e+00 2.062625091087427620e+02
5.889999999999999680e+00 2.032384753102425918e+02
5.900000000000000355e+00 1.971467634628877477e+02
5.910000000000000142e+00 1.917995328564028910e+02
5.919999999999999929e+00 1.869570293672232708e+02
5.929999999999999716e+00 1.845385201505454802e+02
5.940000000000000391e+00 1.833992420256792002e+02
5.950000000000000178e+00 2.058242877552203822e+02
5.959999999999999964e+00 0.000000000000000000e+00
5.969999999999999751e+00 2.389603402509148964e+02
5.980000000000000426e+00 2.403225053713471198e+02
5.990000000000000213e+00 2.404132163656825583e+02
6.000000000000000000e+00 2.401249427647222774e+02
6.009999999999999787e+00 2.394191003607241441e+02
6.019999999999999574e+00 2.391201549287551416e+02
6.030000000000000249e+00 2.403046211756209232e+02
6.040000000000000036e+00 2.430195751686265737e+02
6.049999999999999822e+00 2.464244469718922801e+02
6.059999999999999609e+00 2.498921755093868455e+02
6.070000000000000284e+00 2.540108941957298043e+02
6.080000000000000071e+00 2.565224762295941900e+02
6.089999999999999858e+00 2.575986987452267272e+02
6.099999999999999645e+00 2.573280419323162391e+02
6.110000000000000320e+00 2.558257768142817952e+02
6.120000000000000107e+00 2.528032508968453556e+02
6.129999999999999893e+00 2.492896251456494099e+02
6.139999999999999680e+00 2.454549372138351941e+02
6.150000000000000355e+00 2.424436292019906318e+02
6.160000000000000142e+00 2.402658612118875681e+02
6.169999999999999929e+00 2.267197512460544147e+02
6.179999999999999716e+00 2.054457514442378567e+02
6.190000000000000391e+00 2.023730409842269182e+02
6.200000000000000178e+00 1.976798721386507225e+02
6.209999999999999964e+00 1.954379328511587914e+02
6.219999999999999751e+00 1.939573956504709713e+02
6.230000000000000426e+00 1.926909432607618839e+02
6.240000000000000213e+00 1.918118496788463005e+02
6.250000000000000000e+00 1.909157636580216035e+02
6.259999999999999787e+00 1.902756750751956076e+02
6.269999999999999574e+00 1.918422411454065468e+02
6.280000000000000249e+00 0.000000000000000000e+00
6.290000000000000036e+00 2.396236550889393584e+02
6.299999999999999822e+00 2.520481295038766802e+02
6.309999999999999609e+00 2.619093616016638748e+02
6.320000000000000284e+00 2.697097122589643732e+02
6.330000000000000071e+00 2.756118289136031763e+02
6.339999999999999858e+00 2.871778323500162742e+02
6.349999999999999645e+00 2.944334886418900510e+02
6.360000000000000320e+00 2.990416985839068502e+02
6.370000000000000107e+00 3.010704639149887498e+02
6.379999999999999893e+00 3.020028927119074638e+02
6.389999999999999680e+00 3.015491987794275701e+02
6.400000000000000355e+00 3.005411848341015570e+02
6.410000000000000142e+00 2.991751380337778983e+02
6.419999999999999929e+00 2.973732170629548364e+02
6.429999999999999716e+00 2.946695579618134389e+02
6.440000000000000391e+00 2.914305491365542480e+02
6.450000000000000178e+00 2.884901657032710318e+02
6.459999999999999964e+00 2.845454535106819662e+02
6.469999999999999751e+00 2.800596104591901963e+02
6.480000000000000426e+00 2.772549103063139455e+02
6.490000000000000213e+00 2.767130953260850674e+02
6.500000000000000000e+00 2.778292733347777812e+02
6.509999999999999787e+00 2.821097464359078799e+02
6.519999999999999574e+00 2.899756316016013784e+02
6.530000000000000249e+00 2.935291115137706583e+02
6.540000000000000036e+00 2.949797560960149099e+02
6.549999999999999822e+00 2.960881279628272864e+02
6.559999999999999609e+00 2.967293116644937072e+02
6.570000000000000284e+00 2.964723781518242731e+02
6.580000000000000071e+00 2.939825391859818069e+02
6.589999999999999858e+00 2.894526021271596505e+02
6.599999999999999645e+00 2.785718280147372070e+02
6.610000000000000320e+00 2.716554696813868759e+02
6.620000000000000107e+00 2.656912001969830044e+02
6.629999999999999893e+00 2.626601466604205370e+02
6.639999999999999680e+00 2.642618341974026066e+02
6.650000000000000355e+00 2.698577796221956646e+02
6.660000000000000142e+00 2.752223555671190525e+02
6.669999999999999929e+00 2.791536490054727437e+02
6.679999999999999716e+00 2.811214552907349571e+02
6.690000000000000391e+00 2.814790765377032926e+02
6.700000000000000178e+00 2.794791546154348225e+02
6.709999999999999964e+00 2.766037013465803511e+02
6.719999999999999751e+00 2.740391441997214201e+02
6.730000000000000426e+00 2.696392329044233520e+02
6.740000000000000213e+00 2.616038332730886395e+02
6.750000000000000000e+00 2.498581562908042883e+02
6.759999999999999787e+00 0.000000000000000000e+00
6.769999999999999574e+00 0.000000000000000000e+00
6.780000000000000249e+00 0.000000000000000000e+00
6.790000000000000036e+00 0.000000000000000000e+00
6.799999999999999822e+00 0.000000000000000000e+00
6.809999999999999609e+00 0.000000000000000000e+00
6.820000000000000284e+00 0.000000000000000000e+00
6.830000000000000071e+00 0.000000000000000000e+00
6.839999999999999858e+00 0.000000000000000000e+00
6.849999999999999645e+00 0.000000000000000000e+00
6.860000000000000320e+00 0.000000000000000000e+00
6.870000000000000107e+00 0.000000000000000000e+00
6.879999999999999893e+00 0.000000000000000000e+00
6.889999999999999680e+00 0.000000000000000000e+00
6.900000000000000355e+00 0.000000000000000000e+00
6.910000000000000142e+00 0.000000000000000000e+00
6.919999999999999929e+00 0.000000000000000000e+00
6.929999999999999716e+00 0.000000000000000000e+00
6.940000000000000391e+00 0.000000000000000000e+00
6.950000000000000178e+00 0.000000000000000000e+00
6.959999999999999964e+00 0.000000000000000000e+00
6.969999999999999751e+00 0.000000000000000000e+00
6.980000000000000426e+00 0.000000000000000000e+00
6.990000000000000213e+00 0.000000000000000000e+00
7.000000000000000000e+00 0.000000000000000000e+00
7.009999999999999787e+00 0.000000000000000000e+00
7.019999999999999574e+00 0.000000000000000000e+00
7.030000000000000249e+00 0.000000000000000000e+00
7.040000000000000036e+00 0.000000000000000000e+00
7.049999999999999822e+00 0.000000000000000000e+00
7.059999999999999609e+00 0.000000000000000000e+00
7.070000000000000284e+00 0.000000000000000000e+00
7.080000000000000071e+00 0.000000000000000000e+00
7.089999999999999858e+00 0.000000000000000000e+00
7.099999999999999645e+00 0.000000000000000000e+00
7.110000000000000320e+00 0.000000000000000000e+00
7.120000000000000107e+00 0.000000000000000000e+00
7.129999999999999893e+00 0.000000000000000000e+00
7.139999999999999680e+00 0.000000000000000000e+00
7.150000000000000355e+00 0.000000000000000000e+00
7.160000000000000142e+00 0.000000000000000000e+00
7.169999999999999929e+00 0.000000000000000000e+00
7.179999999999999716e+00 0.000000000000000000e+00
7.190000000000000391e+00 0.000000000000000000e+00
7.200000000000000178e+00 0.000000000000000000e+00
7.209999999999999964e+00 0.000000000000000000e+00
7.219999999999999751e+00 0.000000000000000000e+00
7.230000000000000426e+00 0.000000000000000000e+00
7.240000000000000213e+00 0.000000000000000000e+00
7.250000000000000000e+00 0.000000000000000000e+00
7.259999999999999787e+00 0.000000000000000000e+00
7.269999999999999574e+00 0.000000000000000000e+00
7.280000000000000249e+00 0.000000000000000000e+00
7.290000000000000036e+00 0.000000000000000000e+00
7.299999999999999822e+00 0.000000000000000000e+00
7.309999999999999609e+00 0.000000000000000000e+00
7.320000000000000284e+00 0.000000000000000000e+00
7.330000000000000071e+00 0.000000000000000000e+00
7.339999999999999858e+00 0.000000000000000000e+00
7.349999999999999645e+00 0.000000000000000000e+00
7.360000000000000320e+00 0.000000000000000000e+00
7.370000000000000107e+00 0.000000000000000000e+00
7.379999999999999893e+00 0.000000000000000000e+00
7.389999999999999680e+00 0.000000000000000000e+00
7.400000000000000355e+00 0.000000000000000000e+00
7.410000000000000142e+00 0.000000000000000000e+00
7.419999999999999929e+00 0.000000000000000000e+00
7.429999999999999716e+00 0.000000000000000000e+00
7.440000000000000391e+00 0.000000000000000000e+00
7.450000000000000178e+00 0.000000000000000000e+00
7.459999999999999964e+00 0.000000000000000000e+00
7.469999999999999751e+00 0.000000000000000000e+00
7.480000000000000426e+00 0.000000000000000000e+00
7.490000000000000213e+00 0.000000000000000000e+00
7.500000000000000000e+00 0.000000000000000000e+00
7.509999999999999787e+00 0.000000000000000000e+00
7.519999999999999574e+00 0.000000000000000000e+00
7.530000000000000249e+00 0.000000000000000000e+00
7.540000000000000036e+00 0.000000000000000000e+00
7.549999999999999822e+00 0.000000000000000000e+00
7.559999999999999609e+00 0.000000000000000000e+00
7.570000000000000284e+00 0.000000000000000000e+00
7.580000000000000071e+00 0.000000000000000000e+00
7.589999999999999858e+00 0.000000000000000000e+00
7.599999999999999645e+00 0.000000000000000000e+00
7.610000000000000320e+00 0.000000000000000000e+00
7.620000000000000107e+00 0.000000000000000000e+00
7.629999999999999893e+00 0.000000000000000000e+00
7.639999999999999680e+00 0.000000000000000000e+00
7.650000000000000355e+00 0.000000000000000000e+00
7.660000000000000142e+00 0.000000000000000000e+00
7.669999999999999929e+00 0.000000000000000000e+00
7.679999999999999716e+00 0.000000000000000000e+00
7.690000000000000391e+00 0.000000000000000000e+00
7.700000000000000178e+00 0.000000000000000000e+00
7.709999999999999964e+00 0.000000000000000000e+00
7.719999999999999751e+00 0.000000000000000000e+00
7.730000000000000426e+00 0.000000000000000000e+00
7.740000000000000213e+00 0.000000000000000000e+00
7.750000000000000000e+00 0.000000000000000000e+00
7.759999999999999787e+00 0.000000000000000000e+00
7.769999999999999574e+00 0.000000000000000000e+00
7.780000000000000249e+00 0.000000000000000000e+00
7.790000000000000036e+00 0.000000000000000000e+00
7.799999999999999822e+00 0.000000000000000000e+00
7.809999999999999609e+00 0.000000000000000000e+00
7.820000000000000284e+00 0.000000000000000000e+00
7.830000000000000071e+00 0.000000000000000000e+00
7.839999999999999858e+00 0.000000000000000000e+00
7.849999999999999645e+00 0.000000000000000000e+00
7.860000000000000320e+00 0.000000000000000000e+00
7.870000000000000107e+00 0.000000000000000000e+00
7.879999999999999893e+00 0.000000000000000000e+00
7.889999999999999680e+00 0.000000000000000000e+00
7.900000000000000355e+00 0.000000000000000000e+00
7.910000000000000142e+00 0.000000000000000000e+00
7.919999999999999929e+00 0.000000000000000000e+00
7.929999999999999716e+00 0.000000000000000000e+00
7.940000000000000391e+00 0.000000000000000000e+00
7.950000000000000178e+00 0.000000000000000000e+00
7.959999999999999964e+00 0.000000000000000000e+00
7.969999999999999751e+00 0.000000000000000000e+00
7.980000000000000426e+00 0.000000000000000000e+00
7.990000000000000213e+00 0.000000000000000000e+00
8.000000000000000000e+00 0.000000000000000000e+00
8.009999999999999787e+00 0.000000000000000000e+00
8.019999999999999574e+00 0.000000000000000000e+00
8.029999999999999361e+00 0.000000000000000000e+00
8.039999999999999147e+00 0.000000000000000000e+00
8.050000000000000711e+00 0.000000000000000000e+00
8.060000000000000497e+00 0.000000000000000000e+00
8.070000000000000284e+00 0.000000000000000000e+00
8.080000000000000071e+00 0.000000000000000000e+00
8.089999999999999858e+00 0.000000000000000000e+00
8.099999999999999645e+00 0.000000000000000000e+00
8.109999999999999432e+00 0.000000000000000000e+00
8.119999999999999218e+00 0.000000000000000000e+00
8.130000000000000782e+00 0.000000000000000000e+00
8.140000000000000568e+00 0.000000000000000000e+00
8.150000000000000355e+00 0.000000000000000000e+00
8.160000000000000142e+00 0.000000000000000000e+00
8.169999999999999929e+00 0.000000000000000000e+00
8.179999999999999716e+00 0.000000000000000000e+00
8.189999999999999503e+00 0.000000000000000000e+00
8.199999999999999289e+00 0.000000000000000000e+00
8.210000000000000853e+00 0.000000000000000000e+00
8.220000000000000639e+00 0.000000000000000000e+00
8.230000000000000426e+00 0.000000000000000000e+00
8.240000000000000213e+00 0.000000000000000000e+00
8.250000000000000000e+00 0.000000000000000000e+00
8.259999999999999787e+00 0.000000000000000000e+00
8.269999999999999574e+00 0.000000000000000000e+00
8.279999999999999361e+00 0.000000000000000000e+00
8.289999999999999147e+00 0.000000000000000000e+00
8.300000000000000711e+00 0.000000000000000000e+00
8.310000000000000497e+00 0.000000000000000000e+00
8.320000000000000284e+00 0.000000000000000000e+00
8.330000000000000071e+00 0.000000000000000000e+00
8.339999999999999858e+00 0.000000000000000000e+00
8.349999999999999645e+00 0.000000000000000000e+00
8.359999999999999432e+00 0.000000000000000000e+00
8.369999999999999218e+00 0.000000000000000000e+00
8.380000000000000782e+00 0.000000000000000000e+00
8.390000000000000568e+00 0.000000000000000000e+00
8.400000000000000355e+00 0.000000000000000000e+00
8.410000000000000142e+00 0.000000000000000000e+00
8.419999999999999929e+00 0.000000000000000000e+00
8.429999999999999716e+00 0.000000000000000000e+00
8.439999999999999503e+00 0.000000000000000000e+00
8.449999999999999289e+00 0.000000000000000000e+00
8.460000000000000853e+00 0.000000000000000000e+00
8.470000000000000639e+00 0.000000000000000000e+00
8.480000000000000426e+00 0.000000000000000000e+00
8.490000000000000213e+00 0.000000000000000000e+00
8.500000000000000000e+00 0.000000000000000000e+00
8.509999999999999787e+00 0.000000000000000000e+00
8.519999999999999574e+00 0.000000000000000000e+00
8.529999999999999361e+00 0.000000000000000000e+00
8.539999999999999147e+00 0.000000000000000000e+00
8.550000000000000711e+00 0.000000000000000000e+00
8.560000000000000497e+00 0.000000000000000000e+00
8.570000000000000284e+00 0.000000000000000000e+00
8.580000000000000071e+00 0.000000000000000000e+00
8.589999999999999858e+00 0.000000000000000000e+00
8.599999999999999645e+00 1.280105893484381454e+02
8.609999999999999432e+00 1.283847920863020420e+02
8.619999999999999218e+00 1.293091993921433698e+02
8.630000000000000782e+00 1.302759674472416123e+02
8.640000000000000568e+00 1.315162937137516224e+02
8.650000000000000355e+00 1.335160816083233897e+02
8.660000000000000142e+00 1.362698077974211515e+02
8.669999999999999929e+00 1.384593744194721694e+02
8.679999999999999716e+00 1.425164264585283433e+02
8.689999999999999503e+00 1.472998683176681141e+02
8.699999999999999289e+00 0.000000000000000000e+00
8.710000000000000853e+00 0.000000000000000000e+00
8.720000000000000639e+00 2.196226180712787368e+02
8.730000000000000426e+00 2.424180486309390119e+02
8.740000000000000213e+00 2.445091074891315657e+02
8.750000000000000000e+00 2.503671904286093763e+02
8.759999999999999787e+00 2.571835902945082921e+02
8.769999999999999574e+00 2.614779145132483222e+02
8.779999999999999361e+00 2.673749585934442621e+02
8.789999999999999147e+00 2.733874753361300236e+02
8.800000000000000711e+00 2.781662483003708530e+02
8.810000000000000497e+00 2.830989500218267381e+02
8.820000000000000284e+00 2.867507003942708934e+02
8.830000000000000071e+00 2.905773380130328860e+02
8.839999999999999858e+00 2.939933159743000033e+02
8.849999999999999645e+00 2.958861539786367985e+02
8.859999999999999432e+00 2.970462133371470372e+02
8.869999999999999218e+00 2.972095891878129805e+02
8.880000000000000782e+00 2.965548603622255541e+02
8.890000000000000568e+00 2.955442433888506457e+02
8.900000000000000355e+00 2.942127394058052801e+02
8.910000000000000142e+00 2.929018502160598132e+02
8.919999999999999929e+00 2.924776374055812198e+02
8.929999999999999716e+00 2.937257815325129968e+02
8.939999999999999503e+00 2.961869108753462569e+02
8.949999999999999289e+00 2.987051663507820649e+02
8.960000000000000853e+00 3.010739629572590275e+02
8.970000000000000639e+00 3.022921608050001510e+02
8.980000000000000426e+00 3.033931594012632331e+02
8.990000000000000213e+00 0.000000000000000000e+00
9.000000000000000000e+00 0.000000000000000000e+00
9.009999999999999787e+00 0.000000000000000000e+00
9.019999999999999574e+00 0.000000000000000000e+00
9.029999999999999361e+00 0.000000000000000000e+00
9.039999999999999147e+00 0.000000000000000000e+00
9.050000000000000711e+00 0.000000000000000000e+00
9.060000000000000497e+00 0.000000000000000000e+00
9.070000000000000284e+00 0.000000000000000000e+00
9.080000000000000071e+00 0.000000000000000000e+00
9.089999999999999858e+00 0.000000000000000000e+00
9.099999999999999645e+00 2.743527391763029755e+02
9.109999999999999432e+00 2.708601001947345139e+02
9.119999999999999218e+00 2.628786132034867364e+02
9.130000000000000782e+00 2.595630380706053870e+02
9.140000000000000568e+00 0.000000000000000000e+00
9.150000000000000355e+00 2.354147099861996821e+02
9.160000000000000142e+00 2.329427945348500373e+02
9.169999999999999929e+00 2.326339473200076498e+02
9.179999999999999716e+00 2.337166682452419195e+02
9.189999999999999503e+00 2.342410220801995990e+02
9.199999999999999289e+00 2.346403997082774140e+02
9.210000000000000853e+00 2.345990312719824544e+02
9.220000000000000639e+00 2.338874503229894799e+02
9.230000000000000426e+00 2.336708294766287395e+02
9.240000000000000213e+00 2.334682986630799917e+02
9.250000000000000000e+00 2.329321940555674360e+02
9.259999999999999787e+00 2.330518256767711875e+02
9.269999999999999574e+00 2.331713633680377313e+02
9.279999999999999361e+00 2.336204273903247497e+02
9.289999999999999147e+00 2.364076481337550035e+02
9.300000000000000711e+00 2.417867299164086887e+02
9.310000000000000497e+00 2.504732235498499335e+02
9.320000000000000284e+00 2.619725419144054968e+02
9.330000000000000071e+00 2.715374294196366804e+02
9.339999999999999858e+00 2.787588859189809227e+02
9.349999999999999645e+00 2.858481611724291724e+02
9.359999999999999432e+00 2.899577874738756691e+02
9.369999999999999218e+00 2.924095242193833997e+02
9.380000000000000782e+00 2.942203998267128213e+02
9.390000000000000568e+00 2.951290665364105621e+02
9.400000000000000355e+00 2.952048974360059788e+02
9.410000000000000142e+00 2.951570571227974824e+02
9.419999999999999929e+00 2.938266022813643303e+02
9.429999999999999716e+00 2.911876324366995732e+02
9.439999999999999503e+00 2.882752004882322581e+02
9.449999999999999289e+00 2.874326825835346426e+02
9.460000000000000853e+00 2.882604461732277059e+02
9.470000000000000639e+00 2.921074768198807874e+02
9.480000000000000426e+00 2.978000777394710212e+02
9.490000000000000213e+00 3.009790796514536169e+02
9.500000000000000000e+00 3.011625126827148051e+02
9.509999999999999787e+00 2.983647106011733285e+02
9.519999999999999574e+00 2.934485641040546966e+02
9.529999999999999361e+00 2.875221446197025443e+02
9.539999999999999147e+00 2.793350169887531251e+02
9.550000000000000711e+00 2.773662237117431459e+02
9.560000000000000497e+00 2.788140909651962716e+02
9.570000000000000284e+00 2.812952745140351567e+02
9.580000000000000071e+00 2.824339527184039298e+02
9.589999999999999858e+00 2.831059704596213464e+02
9.599999999999999645e+00 2.836640625054461680e+02
9.609999999999999432e+00 2.825957310431379028e+02
9.619999999999999218e+00 2.811423612040006788e+02
9.630000000000000782e+00 2.788471915914991541e+02
9.640000000000000568e+00 2.767659880224305766e+02
9.650000000000000355e+00 2.751223155643847349e+02
9.660000000000000142e+00 2.735223656282465186e+02
9.669999999999999929e+00 2.740826174235558597e+02
9.679999999999999716e+00 2.770301461512761989e+02
9.689999999999999503e+00 2.814665348266705678e+02
9.699999999999999289e+00 2.851436098844130811e+02
9.710000000000000853e+00 2.873548327592054079e+02
9.720000000000000639e+00 2.890881573151124826e+02
9.730000000000000426e+00 2.913339176133683850e+02
9.740000000000000213e+00 2.937805803030942684e+02
9.750000000000000000e+00 2.949724295892678469e+02
9.759999999999999787e+00 2.944903182829116304e+02
9.769999999999999574e+00 2.921286789847720229e+02
9.779999999999999361e+00 2.884215487566199272e+02
9.789999999999999147e+00 2.830792035490740659e+02
9.800000000000000711e+00 2.747728202126918973e+02
9.810000000000000497e+00 2.594849393957492225e+02
9.820000000000000284e+00 2.490392501923525685e+02
9.830000000000000071e+00 2.470726044266095016e+02
9.839999999999999858e+00 2.483928110080599367e+02
9.849999999999999645e+00 2.521223511216630300e+02
9.859999999999999432e+00 2.603071539904306633e+02
9.869999999999999218e+00 0.000000000000000000e+00
9.880000000000000782e+00 3.054401984585285845e+02
9.890000000000000568e+00 3.103271361442832585e+02
9.900000000000000355e+00 3.115401065637038300e+02
9.910000000000000142e+00 3.080030745906598213e+02
9.919999999999999929e+00 3.004082588293618983e+02
9.929999999999999716e+00 2.894404774163830893e+02
9.939999999999999503e+00 2.765021013868042701e+02
9.949999999999999289e+00 2.698337159944623522e+02
9.960000000000000853e+00 2.653536085112247065e+02
9.970000000000000639e+00 2.650216946326945049e+02
9.980000000000000426e+00 2.683853085479856873e+02
9.990000000000000213e+00 2.738207592434276876e+02
1.000000000000000000e+01 2.799427822216665049e+02
1.000999999999999979e+01 2.823584570042469295e+02
1.001999999999999957e+01 2.802121679759756603e+02
1.002999999999999936e+01 2.749104392771432686e+02
1.003999999999999915e+01 2.686611982868391806e+02
1.005000000000000071e+01 2.601285352247439846e+02
1.006000000000000050e+01 2.534387135427522537e+02
1.007000000000000028e+01 2.490556360986066124e+02
1.008000000000000007e+01 2.459203767596874286e+02
1.008999999999999986e+01 2.412244856775401729e+02
1.009999999999999964e+01 0.000000000000000000e+00
1.010999999999999943e+01 0.000000000000000000e+00
1.011999999999999922e+01 0.000000000000000000e+00
1.013000000000000078e+01 0.000000000000000000e+00
1.014000000000000057e+01 0.000000000000000000e+00
1.015000000000000036e+01 0.000000000000000000e+00
1.016000000000000014e+01 0.000000000000000000e+00
1.016999999999999993e+01 0.000000000000000000e+00
1.017999999999999972e+01 2.534283409359050552e+02
1.018999999999999950e+01 2.478732791130333908e+02
1.019999999999999929e+01 2.466002003884300393e+02
1.021000000000000085e+01 2.455924907929145320e+02
1.022000000000000064e+01 2.446768671764654641e+02
1.023000000000000043e+01 2.446318994328213421e+02
1.024000000000000021e+01 2.446364244073492387e+02
1.025000000000000000e+01 2.438164860699064889e+02
1.025999999999999979e+01 2.431712299487340090e+02
1.026999999999999957e+01 2.452306064918624600e+02
1.027999999999999936e+01 2.483731971421829314e+02
1.028999999999999915e+01 2.506712878684053010e+02
1.030000000000000071e+01 2.515420331269222629e+02
1.031000000000000050e+01 2.489289053086835963e+02
1.032000000000000028e+01 2.468700199782784352e+02
1.033000000000000007e+01 2.461853136033970202e+02
1.033999999999999986e+01 2.457682262004915970e+02
1.034999999999999964e+01 2.451893132088355571e+02
1.035999999999999943e+01 2.436425189472505792e+02
1.036999999999999922e+01 2.414907916992139292e+02
1.038000000000000078e+01 2.382375272230144674e+02
1.039000000000000057e+01 2.343669593615222766e+02
1.040000000000000036e+01 0.000000000000000000e+00
1.041000000000000014e+01 0.000000000000000000e+00
1.041999999999999993e+01 0.000000000000000000e+00
1.042999999999999972e+01 0.000000000000000000e+00
1.043999999999999950e+01 0.000000000000000000e+00
1.044999999999999929e+01 0.000000000000000000e+00
1.046000000000000085e+01 0.000000000000000000e+00
1.047000000000000064e+01 0.000000000000000000e+00
1.048000000000000043e+01 0.000000000000000000e+00
1.049000000000000021e+01 2.416892533155767069e+02
1.050000000000000000e+01 2.431056715190964610e+02
1.050999999999999979e+01 2.443419584413029781e+02
1.051999999999999957e+01 2.453495498373236217e+02
1.052999999999999936e+01 2.468369380656259011e+02
1.053999999999999915e+01 2.491136794299964947e+02
1.055000000000000071e+01 2.520745484266413996e+02
1.056000000000000050e+01 2.554863657646003503e+02
1.057000000000000028e+01 2.580360626613645536e+02
1.058000000000000007e+01 2.607405053700892950e+02
1.058999999999999986e+01 2.645575961729333585e+02
1.059999999999999964e+01 2.668773980344201959e+02
1.060999999999999943e+01 2.687062008197326577e+02
1.061999999999999922e+01 2.703227740102955750e+02
1.063000000000000078e+01 2.717536086421448545e+02
1.064000000000000057e+01 2.721460312159629211e+02
1.065000000000000036e+01 2.713661647497871741e+02
1.066000000000000014e+01 2.691608883604600919e+02
1.066999999999999993e+01 2.648484511503502290e+02
1.067999999999999972e+01 2.586724670885946011e+02
1.068999999999999950e+01 2.531450312571363099e+02
1.069999999999999929e+01 2.450000668450540786e+02
1.071000000000000085e+01 2.346848213164178674e+02
1.072000000000000064e+01 2.287807884123259328e+02
1.073000000000000043e+01 0.000000000000000000e+00
1.074000000000000021e+01 0.000000000000000000e+00
1.075000000000000000e+01 0.000000000000000000e+00
1.075999999999999979e+01 1.798814999544322575e+02
1.076999999999999957e+01 1.730341964354159927e+02
1.077999999999999936e+01 1.674750197189338508e+02
1.078999999999999915e+01 1.645265185312565848e+02
1.080000000000000071e+01 1.629684030820926921e+02
1.081000000000000050e+01 0.000000000000000000e+00
1.082000000000000028e+01 0.000000000000000000e+00
1.083000000000000007e+01 0.000000000000000000e+00
1.083999999999999986e+01 0.000000000000000000e+00
1.084999999999999964e+01 0.000000000000000000e+00
1.085999999999999943e+01 0.000000000000000000e+00
1.086999999999999922e+01 2.628167964727181811e+02
1.088000000000000078e+01 2.564398665358888252e+02
1.089000000000000057e+01 2.544574166325797364e+02
1.090000000000000036e+01 2.542078293415903829e+02
1.091000000000000014e+01 2.539016872028810781e+02
1.091999999999999993e+01 2.535416342342572307e+02
1.092999999999999972e+01 2.540332067979529995e+02
1.093999999999999950e+01 2.555966468057365546e+02
1.094999999999999929e+01 2.590527539406712663e+02
1.096000000000000085e+01 2.647459763300377631e+02
1.097000000000000064e+01 2.690537191247492501e+02
1.098000000000000043e+01 2.740977184399749831e+02
1.099000000000000021e+01 2.820187274069454020e+02
1.100000000000000000e+01 2.960383847218948858e+02
1.100999999999999979e+01 3.037827957377986650e+02
1.101999999999999957e+01 3.095634073229590513e+02
1.102999999999999936e+01 3.133710092443012059e+02
1.103999999999999915e+01 3.306364436627661689e+02
1.105000000000000071e+01 3.410595409804273004e+02
1.106000000000000050e+01 3.426353394156960803e+02
1.107000000000000028e+01 3.390529248749226099e+02
1.108000000000000007e+01 3.344111301513970034e+02
1.108999999999999986e+01 3.302746014165962265e+02
1.109999999999999964e+01 3.250353781835656264e+02
1.110999999999999943e+01 0.000000000000000000e+00
1.111999999999999922e+01 0.000000000000000000e+00
1.113000000000000078e+01 2.847861083289545832e+02
1.114000000000000057e+01 2.789293542817907792e+02
1.115000000000000036e+01 2.730661776034048671e+02
1.116000000000000014e+01 2.664046443903935710e+02
1.116999999999999993e+01 2.623360995701555112e+02
1.117999999999999972e+01 2.570581937311316665e+02
1.118999999999999950e+01 2.506943763085087085e+02
1.119999999999999929e+01 2.439893855973476775e+02
1.121000000000000085e+01 2.412005502242567161e+02
1.122000000000000064e+01 2.406162859803870901e+02
1.123000000000000043e+01 2.406186951139547432e+02
1.124000000000000021e+01 2.407746176272147238e+02
1.125000000000000000e+01 2.411893586483624290e+02
1.125999999999999979e+01 2.416954830703383550e+02
1.126999999999999957e+01 2.425291393800927722e+02
1.127999999999999936e+01 2.435977600667213778e+02
1.128999999999999915e+01 2.446106545123717808e+02
1.130000000000000071e+01 2.456562606490766143e+02
1.131000000000000050e+01 2.466077374801880921e+02
1.132000000000000028e+01 2.498889191287695155e+02
1.133000000000000007e+01 2.535113664118171073e+02
1.133999999999999986e+01 2.528916378854003995e+02
1.134999999999999964e+01 2.483543041331108157e+02
1.135999999999999943e+01 2.417296461759396493e+02
1.136999999999999922e+01 2.346234357059472586e+02
1.138000000000000078e+01 2.244192542288903098e+02
1.139000000000000057e+01 2.172532534771025041e+02
1.140000000000000036e+01 2.082702577527240919e+02
1.141000000000000014e+01 0.000000000000000000e+00
1.141999999999999993e+01 1.856012976385483739e+02
1.142999999999999972e+01 1.782341273319280788e+02
1.143999999999999950e+01 1.751439519341850541e+02
1.144999999999999929e+01 1.744485741627852633e+02
1.146000000000000085e+01 1.750720911354293037e+02
1.147000000000000064e+01 1.774972907574789929e+02
1.148000000000000043e+01 1.808342668423259170e+02
1.149000000000000021e+01 1.839806008229912209e+02
1.150000000000000000e+01 1.855804209023930866e+02
1.150999999999999979e+01 1.858065183319213816e+02
1.151999999999999957e+01 1.852294027658205948e+02
1.152999999999999936e+01 1.846891241106561097e+02
1.153999999999999915e+01 1.840936194614967008e+02
1.155000000000000071e+01 1.833313010957813560e+02
1.156000000000000050e+01 1.827220400449766089e+02
1.157000000000000028e+01 1.824653503729045383e+02
1.158000000000000007e+01 1.829361871304159308e+02
1.158999999999999986e+01 1.842275761329063926e+02
1.159999999999999964e+01 1.865789643082533473e+02
1.160999999999999943e+01 1.917190177484221749e+02
1.161999999999999922e+01 1.959814184130208332e+02
1.163000000000000078e+01 1.995965156251040185e+02
1.164000000000000057e+01 2.017757077514656032e+02
1.165000000000000036e+01 2.029633231410220446e+02
1.166000000000000014e+01 2.038675886674838580e+02
1.166999999999999993e+01 2.046054475020910957e+02
1.167999999999999972e+01 2.055755595701351126e+02
1.168999999999999950e+01 2.061148891215029550e+02
1.169999999999999929e+01 2.063796568658973456e+02
1.171000000000000085e+01 2.034885406933411218e+02
1.172000000000000064e+01 0.000000000000000000e+00
1.173000000000000043e+01 1.859212495392387723e+02
1.174000000000000021e+01 1.813467934271239415e+02
1.175000000000000000e+01 1.806135836737911688e+02
1.175999999999999979e+01 1.826004514521281976e+02
1.176999999999999957e+01 0.000000000000000000e+00
1.177999999999999936e+01 2.052783563712077353e+02
1.178999999999999915e+01 2.146371461132285958e+02
1.180000000000000071e+01 2.199042736580726114e+02
1.181000000000000050e+01 2.204948620998213187e+02
1.182000000000000028e+01 2.180738103403079720e+02
1.183000000000000007e+01 2.125280643859903478e+02
1.183999999999999986e+01 0.000000000000000000e+00
1.184999999999999964e+01 1.876851087530216091e+02
1.185999999999999943e+01 1.848223611781327520e+02
1.186999999999999922e+01 1.843583484674572048e+02
1.188000000000000078e+01 1.855725551870227719e+02
1.189000000000000057e+01 0.000000000000000000e+00
1.190000000000000036e+01 2.068714649591803436e+02
1.191000000000000014e+01 2.122116999403792192e+02
1.191999999999999993e+01 2.151117193038316486e+02
1.192999999999999972e+01 2.140651763739492424e+02
1.193999999999999950e+01 2.107232607634572901e+02
1.194999999999999929e+01 0.000000000000000000e+00
1.196000000000000085e+01 0.000000000000000000e+00
1.197000000000000064e+01 0.000000000000000000e+00
1.198000000000000043e+01 0.000000000000000000e+00
1.199000000000000021e+01 0.000000000000000000e+00
1.200000000000000000e+01 0.000000000000000000e+00
1.200999999999999979e+01 0.000000000000000000e+00
1.201999999999999957e+01 1.105241699810302549e+02
1.202999999999999936e+01 1.105888024181804354e+02
1.203999999999999915e+01 1.115606386585820076e+02
1.205000000000000071e+01 1.122179446441779476e+02
1.206000000000000050e+01 1.116176962980116514e+02
1.207000000000000028e+01 1.103160739004627260e+02
1.208000000000000007e+01 1.087262441245679412e+02
1.208999999999999986e+01 0.000000000000000000e+00
1.209999999999999964e+01 0.000000000000000000e+00
1.210999999999999943e+01 0.000000000000000000e+00
1.211999999999999922e+01 1.263318563216463275e+02
1.213000000000000078e+01 1.265250467126702461e+02
1.214000000000000057e+01 1.262248857146595356e+02
1.215000000000000036e+01 1.265071677492958031e+02
1.216000000000000014e+01 0.000000000000000000e+00
1.216999999999999993e+01 0.000000000000000000e+00
1.217999999999999972e+01 0.000000000000000000e+00
1.218999999999999950e+01 0.000000000000000000e+00
1.219999999999999929e+01 0.000000000000000000e+00
1.221000000000000085e+01 0.000000000000000000e+00
1.222000000000000064e+01 0.000000000000000000e+00
1.223000000000000043e+01 0.000000000000000000e+00
1.224000000000000021e+01 0.000000000000000000e+00
1.225000000000000000e+01 0.000000000000000000e+00
1.225999999999999979e+01 0.000000000000000000e+00
1.226999999999999957e+01 0.000000000000000000e+00
1.227999999999999936e+01 0.000000000000000000e+00
1.228999999999999915e+01 0.000000000000000000e+00
1.230000000000000071e+01 0.000000000000000000e+00
1.231000000000000050e+01 0.000000000000000000e+00
1.232000000000000028e+01 0.000000000000000000e+00
1.233000000000000007e+01 0.000000000000000000e+00
1.233999999999999986e+01 0.000000000000000000e+00
1.234999999999999964e+01 0.000000000000000000e+00
1.235999999999999943e+01 0.000000000000000000e+00
1.236999999999999922e+01 0.000000000000000000e+00
1.238000000000000078e+01 0.000000000000000000e+00
1.239000000000000057e+01 0.000000000000000000e+00
1.240000000000000036e+01 0.000000000000000000e+00
1.241000000000000014e+01 0.000000000000000000e+00
1.241999999999999993e+01 0.000000000000000000e+00
1.242999999999999972e+01 0.000000000000000000e+00
1.243999999999999950e+01 0.000000000000000000e+00
1.244999999999999929e+01 0.000000000000000000e+00
1.246000000000000085e+01 0.000000000000000000e+00
1.247000000000000064e+01 0.000000000000000000e+00
1.248000000000000043e+01 0.000000000000000000e+00
1.249000000000000021e+01 0.000000000000000000e+00
1.250000000000000000e+01 0.000000000000000000e+00
1.250999999999999979e+01 0.000000000000000000e+00
1.251999999999999957e+01 0.000000000000000000e+00
1.252999999999999936e+01 0.000000000000000000e+00
1.253999999999999915e+01 0.000000000000000000e+00
1.255000000000000071e+01 0.000000000000000000e+00
1.256000000000000050e+01 0.000000000000000000e+00
1.257000000000000028e+01 0.000000000000000000e+00
1.258000000000000007e+01 0.000000000000000000e+00
1.258999999999999986e+01 0.000000000000000000e+00
1.259999999999999964e+01 0.000000000000000000e+00
1.260999999999999943e+01 0.000000000000000000e+00
1.261999999999999922e+01 0.000000000000000000e+00
1.263000000000000078e+01 0.000000000000000000e+00
1.264000000000000057e+01 0.000000000000000000e+00
1.265000000000000036e+01 0.000000000000000000e+00
1.266000000000000014e+01 0.000000000000000000e+00
1.266999999999999993e+01 0.000000000000000000e+00
1.267999999999999972e+01 0.000000000000000000e+00
1.268999999999999950e+01 0.000000000000000000e+00
1.269999999999999929e+01 0.000000000000000000e+00
1.271000000000000085e+01 0.000000000000000000e+00
1.272000000000000064e+01 0.000000000000000000e+00
1.273000000000000043e+01 0.000000000000000000e+00
1.274000000000000021e+01 0.000000000000000000e+00
1.275000000000000000e+01 0.000000000000000000e+00
1.275999999999999979e+01 0.000000000000000000e+00
1.276999999999999957e+01 0.000000000000000000e+00
1.277999999999999936e+01 0.000000000000000000e+00
1.278999999999999915e+01 0.000000000000000000e+00
1.280000000000000071e+01 0.000000000000000000e+00
1.281000000000000050e+01 0.000000000000000000e+00
1.282000000000000028e+01 0.000000000000000000e+00
1.283000000000000007e+01 0.000000000000000000e+00
1.283999999999999986e+01 0.000000000000000000e+00
1.284999999999999964e+01 0.000000000000000000e+00
1.285999999999999943e+01 0.000000000000000000e+00
1.286999999999999922e+01 0.000000000000000000e+00
1.288000000000000078e+01 0.000000000000000000e+00
1.289000000000000057e+01 0.000000000000000000e+00
1.290000000000000036e+01 0.000000000000000000e+00
1.291000000000000014e+01 0.000000000000000000e+00
1.291999999999999993e+01 0.000000000000000000e+00
1.292999999999999972e+01 0.000000000000000000e+00
1.293999999999999950e+01 0.000000000000000000e+00
1.294999999999999929e+01 0.000000000000000000e+00
1.296000000000000085e+01 0.000000000000000000e+00
1.297000000000000064e+01 0.000000000000000000e+00
1.298000000000000043e+01 0.000000000000000000e+00
1.299000000000000021e+01 0.000000000000000000e+00
1.300000000000000000e+01 0.000000000000000000e+00
1.300999999999999979e+01 0.000000000000000000e+00
1.301999999999999957e+01 0.000000000000000000e+00
1.302999999999999936e+01 0.000000000000000000e+00
1.303999999999999915e+01 0.000000000000000000e+00
1.305000000000000071e+01 0.000000000000000000e+00
1.306000000000000050e+01 0.000000000000000000e+00
1.307000000000000028e+01 0.000000000000000000e+00
1.308000000000000007e+01 0.000000000000000000e+00
1.308999999999999986e+01 0.000000000000000000e+00
1.309999999999999964e+01 0.000000000000000000e+00
1.310999999999999943e+01 0.000000000000000000e+00
1.311999999999999922e+01 0.000000000000000000e+00
1.313000000000000078e+01 0.000000000000000000e+00
1.314000000000000057e+01 0.000000000000000000e+00
1.315000000000000036e+01 0.000000000000000000e+00
1.316000000000000014e+01 0.000000000000000000e+00
1.316999999999999993e+01 0.000000000000000000e+00
1.317999999999999972e+01 0.000000000000000000e+00
1.318999999999999950e+01 0.000000000000000000e+00
1.319999999999999929e+01 0.000000000000000000e+00
1.321000000000000085e+01 6.423245865326828152e+01
1.322000000000000064e+01 0.000000000000000000e+00
1.323000000000000043e+01 6.471079561965666471e+01
1.324000000000000021e+01 6.507516644524673666e+01
1.325000000000000000e+01 6.407470886662297005e+01
1.325999999999999979e+01 6.314076999344358399e+01
1.326999999999999957e+01 6.395318405852446375e+01
1.327999999999999936e+01 0.000000000000000000e+00
1.328999999999999915e+01 0.000000000000000000e+00
1.330000000000000071e+01 0.000000000000000000e+00
1.331000000000000050e+01 0.000000000000000000e+00
1.332000000000000028e+01 0.000000000000000000e+00
1.333000000000000007e+01 0.000000000000000000e+00
1.333999999999999986e+01 0.000000000000000000e+00
1.334999999999999964e+01 0.000000000000000000e+00
1.335999999999999943e+01 0.000000000000000000e+00
1.336999999999999922e+01 0.000000000000000000e+00
1.338000000000000078e+01 0.000000000000000000e+00
1.339000000000000057e+01 0.000000000000000000e+00
1.340000000000000036e+01 0.000000000000000000e+00
1.341000000000000014e+01 0.000000000000000000e+00
1.341999999999999993e+01 1.573169361782352098e+02
1.342999999999999972e+01 1.586470523353559088e+02
1.343999999999999950e+01 1.610200219054343620e+02
1.344999999999999929e+01 1.640896069225475458e+02
1.346000000000000085e+01 1.662561911768574987e+02
1.347000000000000064e+01 1.699570999459202199e+02
1.348000000000000043e+01 0.000000000000000000e+00
1.349000000000000021e+01 0.000000000000000000e+00
1.350000000000000000e+01 0.000000000000000000e+00
1.350999999999999979e+01 0.000000000000000000e+00
1.351999999999999957e+01 0.000000000000000000e+00
1.352999999999999936e+01 0.000000000000000000e+00
1.353999999999999915e+01 2.735539279012142515e+02
1.355000000000000071e+01 2.788633858649897661e+02
1.356000000000000050e+01 2.806440541814024527e+02
1.357000000000000028e+01 2.793873207794013638e+02
1.358000000000000007e+01 2.759537655181529772e+02
1.358999999999999986e+01 2.719077109308263402e+02
1.359999999999999964e+01 2.649979455629661516e+02
1.360999999999999943e+01 0.000000000000000000e+00
1.361999999999999922e+01 0.000000000000000000e+00
1.363000000000000078e+01 0.000000000000000000e+00
1.364000000000000057e+01 0.000000000000000000e+00
1.365000000000000036e+01 0.000000000000000000e+00
1.366000000000000014e+01 0.000000000000000000e+00
1.366999999999999993e+01 0.000000000000000000e+00
1.367999999999999972e+01 0.000000000000000000e+00
1.368999999999999950e+01 0.000000000000000000e+00
1.369999999999999929e+01 0.000000000000000000e+00
1.371000000000000085e+01 0.000000000000000000e+00
1.372000000000000064e+01 0.000000000000000000e+00
1.373000000000000043e+01 0.000000000000000000e+00
1.374000000000000021e+01 0.000000000000000000e+00
1.375000000000000000e+01 3.798784383439708563e+02
1.375999999999999979e+01 0.000000000000000000e+00
1.376999999999999957e+01 3.336805419300538347e+02
1.377999999999999936e+01 0.000000000000000000e+00
1.378999999999999915e+01 0.000000000000000000e+00
1.380000000000000071e+01 3.123446776412464487e+02
1.381000000000000050e+01 3.089748806860301897e+02
1.382000000000000028e+01 3.067617945711727998e+02
1.383000000000000007e+01 3.067089181383530558e+02
1.383999999999999986e+01 3.070227019134875945e+02
1.384999999999999964e+01 3.068381684216034273e+02
1.385999999999999943e+01 3.055436781503562997e+02
1.386999999999999922e+01 3.031273383422648635e+02
1.388000000000000078e+01 2.990137405633997219e+02
1.389000000000000057e+01 2.946351880310983802e+02
1.390000000000000036e+01 2.833905267244484207e+02
1.391000000000000014e+01 2.730760003643881646e+02
1.391999999999999993e+01 2.620617141118652853e+02
1.392999999999999972e+01 2.483497026906793792e+02
1.393999999999999950e+01 2.377803650399984576e+02
1.394999999999999929e+01 2.357717422421419258e+02
1.396000000000000085e+01 2.369279621965152387e+02
1.397000000000000064e+01 2.432415750013928175e+02
1.398000000000000043e+01 2.503530267786943000e+02
1.399000000000000021e+01 2.535475201631684854e+02
1.400000000000000000e+01 0.000000000000000000e+00
1.400999999999999979e+01 0.000000000000000000e+00
1.401999999999999957e+01 3.131545917987341454e+02
1.402999999999999936e+01 0.000000000000000000e+00
1.403999999999999915e+01 0.000000000000000000e+00
1.405000000000000071e+01 0.000000000000000000e+00
1.406000000000000050e+01 2.975953048857138015e+02
1.407000000000000028e+01 2.966112797895714266e+02
1.408000000000000007e+01 2.954444351113372704e+02
1.408999999999999986e+01 2.947321486356564719e+02
1.409999999999999964e+01 2.947908954953516059e+02
1.410999999999999943e+01 2.950180839103278458e+02
1.411999999999999922e+01 2.945479743835185786e+02
1.413000000000000078e+01 2.932761388987896680e+02
1.414000000000000057e+01 2.910286995571447051e+02
1.415000000000000036e+01 2.889506798512412615e+02
1.416000000000000014e+01 2.870211082129723081e+02
1.416999999999999993e+01 2.853751846066846838e+02
1.417999999999999972e+01 2.849487155339750757e+02
1.418999999999999950e+01 2.898761246864281702e+02
1.419999999999999929e+01 2.986843891815702818e+02
1.421000000000000085e+01 3.021420158698624050e+02
1.422000000000000064e+01 3.019654092861258619e+02
1.423000000000000043e+01 3.008676693064636538e+02
1.424000000000000021e+01 2.987846450266855527e+02
1.425000000000000000e+01 2.955763625724736130e+02
1.425999999999999979e+01 2.920394760744207474e+02
1.426999999999999957e+01 2.890542760948636101e+02
1.427999999999999936e+01 2.861186405541396880e+02
1.428999999999999915e+01 2.825941611029927572e+02
1.430000000000000071e+01 2.780996053505829195e+02
1.431000000000000050e+01 2.740562855164039320e+02
1.432000000000000028e+01 2.704312088095468312e+02
1.433000000000000007e+01 2.663590142162685197e+02
1.433999999999999986e+01 2.616980131354737864e+02
1.434999999999999964e+01 2.583488110128755011e+02
1.435999999999999943e+01 2.564832226156715365e+02
1.436999999999999922e+01 2.551185778186407447e+02
1.438000000000000078e+01 2.533562604894292747e+02
1.439000000000000057e+01 2.524713582739791491e+02
1.440000000000000036e+01 2.532326794380756212e+02
1.441000000000000014e+01 2.548375622346648299e+02
1.441999999999999993e+01 2.572126987457000951e+02
1.442999999999999972e+01 2.600195737568407708e+02
1.443999999999999950e+01 2.632138832138576845e+02
1.444999999999999929e+01 2.654402936982847336e+02
1.446000000000000085e+01 2.658075386066282704e+02
1.447000000000000064e+01 2.646284325033251434e+02
1.448000000000000043e+01 2.632333837074830853e+02
1.449000000000000021e+01 2.629841881790202365e+02
1.450000000000000000e+01 2.636023098169897025e+02
1.450999999999999979e+01 2.642860548593930616e+02
1.451999999999999957e+01 0.000000000000000000e+00
1.452999999999999936e+01 2.277320251073508075e+02
1.453999999999999915e+01 2.242881713330181697e+02
1.455000000000000071e+01 2.197821230151817531e+02
1.456000000000000050e+01 2.161251590955417612e+02
1.457000000000000028e+01 2.117958136637017219e+02
1.458000000000000007e+01 2.077809385924179253e+02
1.458999999999999986e+01 2.049502949649487960e+02
1.459999999999999964e+01 2.021451261627926499e+02
1.460999999999999943e+01 1.992483621742950390e+02
1.461999999999999922e+01 1.968669426073669229e+02
1.463000000000000078e+01 2.065880952456288071e+02
1.464000000000000057e+01 0.000000000000000000e+00
1.465000000000000036e+01 2.406480046373998789e+02
1.466000000000000014e+01 2.422300575755583623e+02
1.466999999999999993e+01 2.428443226758795674e+02
1.467999999999999972e+01 2.433236543225227138e+02
1.468999999999999950e+01 2.429149098265699536e+02
1.469999999999999929e+01 2.422053567990751333e+02
1.471000000000000085e+01 2.418350041044326417e+02
1.472000000000000064e+01 2.422698255530985705e+02
1.473000000000000043e+01 2.438014245166515366e+02
1.474000000000000021e+01 2.460368724145715191e+02
1.475000000000000000e+01 2.469410919805360436e+02
1.475999999999999979e+01 2.472078227867610849e+02
1.476999999999999957e+01 2.470222223648562476e+02
1.477999999999999936e+01 2.473341414464511558e+02
1.478999999999999915e+01 2.477172248551729012e+02
1.480000000000000071e+01 2.482972542868985499e+02
1.481000000000000050e+01 2.482405465070613388e+02
1.482000000000000028e+01 2.473479350574762918e+02
1.483000000000000007e+01 2.458786512962313395e+02
1.483999999999999986e+01 2.430786867404395934e+02
1.484999999999999964e+01 2.408136240966180708e+02
1.485999999999999943e+01 2.380380305083719463e+02
1.486999999999999922e+01 0.000000000000000000e+00
1.488000000000000078e+01 2.097463238625493318e+02
1.489000000000000057e+01 2.061459484162116382e+02
1.490000000000000036e+01 2.029149513858266403e+02
1.491000000000000014e+01 1.995526040683482449e+02
1.491999999999999993e+01 1.967075715385939247e+02
1.492999999999999972e+01 1.927595604819807136e+02
1.493999999999999950e+01 1.877469261582610329e+02
1.494999999999999929e+01 1.835920768787562167e+02
1.496000000000000085e+01 1.780473073727657152e+02
1.497000000000000064e+01 1.737258598996180297e+02
1.498000000000000043e+01 1.706833140053136333e+02
1.499000000000000021e+01 1.720895336126085908e+02
1.500000000000000000e+01 1.810209557064935382e+02
1.500999999999999979e+01 1.892573003968288390e+02
1.501999999999999957e+01 1.944052525883248279e+02
1.502999999999999936e+01 1.979295150133633570e+02
1.503999999999999915e+01 2.013218436527130280e+02
1.505000000000000071e+01 2.034732811278294378e+02
1.506000000000000050e+01 2.052176040916424142e+02
1.507000000000000028e+01 2.066650405883941062e+02
1.508000000000000007e+01 2.083370734858651474e+02
1.508999999999999986e+01 2.102869542935304707e+02
1.509999999999999964e+01 2.121840683168605324e+02
1.510999999999999943e+01 2.133506448283397958e+02
1.511999999999999922e+01 2.143566628088031223e+02
1.513000000000000078e+01 2.142273963977744415e+02
1.514000000000000057e+01 2.129990013946289480e+02
1.515000000000000036e+01 2.109092408139285340e+02
1.516000000000000014e+01 2.082592387933507894e+02
1.516999999999999993e+01 2.062233681460199648e+02
1.517999999999999972e+01 2.043150570530179948e+02
1.518999999999999950e+01 2.018282189014726669e+02
1.519999999999999929e+01 1.971205877116804004e+02
1.521000000000000085e+01 1.914537112838217467e+02
1.522000000000000064e+01 1.878077674700854232e+02
1.523000000000000043e+01 1.867211079768473780e+02
1.524000000000000021e+01 1.872549514783042639e+02
1.525000000000000000e+01 1.906799643965089786e+02
1.525999999999999979e+01 1.934565616307115477e+02
1.526999999999999957e+01 1.952037140804845023e+02
1.527999999999999936e+01 1.964354723695759617e+02
1.528999999999999915e+01 1.970866040650193156e+02
1.530000000000000071e+01 1.980403711914504754e+02
1.531000000000000050e+01 1.988876089196908481e+02
1.532000000000000028e+01 1.996463179533967036e+02
1.533000000000000007e+01 2.014955238353425102e+02
1.533999999999999986e+01 2.036752791895260088e+02
1.534999999999999964e+01 2.049605733101876410e+02
1.535999999999999943e+01 2.050311030959921368e+02
1.536999999999999922e+01 2.040496304537406900e+02
1.538000000000000078e+01 2.010324856365954531e+02
1.539000000000000057e+01 1.944932632271536477e+02
1.540000000000000036e+01 0.000000000000000000e+00
1.541000000000000014e+01 0.000000000000000000e+00
1.541999999999999993e+01 0.000000000000000000e+00
1.542999999999999972e+01 0.000000000000000000e+00
1.543999999999999950e+01 0.000000000000000000e+00
1.544999999999999929e+01 0.000000000000000000e+00
1.546000000000000085e+01 0.000000000000000000e+00
1.547000000000000064e+01 0.000000000000000000e+00
1.548000000000000043e+01 0.000000000000000000e+00
1.549000000000000021e+01 0.000000000000000000e+00
1.550000000000000000e+01 0.000000000000000000e+00
1.550999999999999979e+01 0.000000000000000000e+00
1.551999999999999957e+01 0.000000000000000000e+00
1.552999999999999936e+01 0.000000000000000000e+00
1.553999999999999915e+01 0.000000000000000000e+00
1.555000000000000071e+01 0.000000000000000000e+00
1.556000000000000050e+01 0.000000000000000000e+00
1.557000000000000028e+01 0.000000000000000000e+00
1.558000000000000007e+01 0.000000000000000000e+00
1.558999999999999986e+01 0.000000000000000000e+00
1.559999999999999964e+01 0.000000000000000000e+00
1.560999999999999943e+01 0.000000000000000000e+00
1.561999999999999922e+01 0.000000000000000000e+00
1.563000000000000078e+01 0.000000000000000000e+00
1.564000000000000057e+01 0.000000000000000000e+00
1.565000000000000036e+01 0.000000000000000000e+00
1.566000000000000014e+01 0.000000000000000000e+00
1.566999999999999993e+01 0.000000000000000000e+00
1.567999999999999972e+01 0.000000000000000000e+00
1.568999999999999950e+01 0.000000000000000000e+00
1.569999999999999929e+01 0.000000000000000000e+00
1.571000000000000085e+01 0.000000000000000000e+00
1.572000000000000064e+01 0.000000000000000000e+00
1.573000000000000043e+01 0.000000000000000000e+00
1.574000000000000021e+01 0.000000000000000000e+00
1.575000000000000000e+01 0.000000000000000000e+00
1.575999999999999979e+01 0.000000000000000000e+00
1.576999999999999957e+01 0.000000000000000000e+00
1.577999999999999936e+01 0.000000000000000000e+00
1.578999999999999915e+01 0.000000000000000000e+00
1.580000000000000071e+01 0.000000000000000000e+00
1.581000000000000050e+01 0.000000000000000000e+00
1.582000000000000028e+01 0.000000000000000000e+00
1.583000000000000007e+01 0.000000000000000000e+00
1.583999999999999986e+01 0.000000000000000000e+00
1.584999999999999964e+01 0.000000000000000000e+00
1.585999999999999943e+01 0.000000000000000000e+00
1.586999999999999922e+01 0.000000000000000000e+00
1.588000000000000078e+01 0.000000000000000000e+00
1.589000000000000057e+01 0.000000000000000000e+00
1.590000000000000036e+01 0.000000000000000000e+00
1.591000000000000014e+01 0.000000000000000000e+00
1.591999999999999993e+01 0.000000000000000000e+00
1.592999999999999972e+01 0.000000000000000000e+00
1.593999999999999950e+01 0.000000000000000000e+00
1.594999999999999929e+01 0.000000000000000000e+00
1.596000000000000085e+01 0.000000000000000000e+00
1.597000000000000064e+01 0.000000000000000000e+00
1.598000000000000043e+01 0.000000000000000000e+00
1.599000000000000021e+01 0.000000000000000000e+00
1.600000000000000000e+01 0.000000000000000000e+00
1.601000000000000156e+01 0.000000000000000000e+00
1.601999999999999957e+01 0.000000000000000000e+00
1.603000000000000114e+01 0.000000000000000000e+00
1.603999999999999915e+01 0.000000000000000000e+00
1.605000000000000071e+01 0.000000000000000000e+00
1.605999999999999872e+01 0.000000000000000000e+00
1.607000000000000028e+01 0.000000000000000000e+00
1.607999999999999829e+01 0.000000000000000000e+00
1.608999999999999986e+01 0.000000000000000000e+00
1.610000000000000142e+01 0.000000000000000000e+00
1.610999999999999943e+01 0.000000000000000000e+00
1.612000000000000099e+01 0.000000000000000000e+00
1.612999999999999901e+01 0.000000000000000000e+00
1.614000000000000057e+01 0.000000000000000000e+00
1.614999999999999858e+01 0.000000000000000000e+00
1.616000000000000014e+01 0.000000000000000000e+00
1.617000000000000171e+01 0.000000000000000000e+00
1.617999999999999972e+01 0.000000000000000000e+00
1.619000000000000128e+01 5.022765875287316817e+02
1.619999999999999929e+01 4.624256461967275982e+02
1.621000000000000085e+01 4.086530185398910930e+02
1.621999999999999886e+01 3.699859493732677151e+02
1.623000000000000043e+01 3.438785816780131199e+02
1.623999999999999844e+01 3.513494254782556823e+02
1.625000000000000000e+01 3.567366150634607038e+02
1.626000000000000156e+01 3.608505398953085432e+02
1.626999999999999957e+01 3.644987991189517516e+02
1.628000000000000114e+01 3.655555099534901728e+02
1.628999999999999915e+01 3.655928816101760503e+02
1.630000000000000071e+01 3.652166163887457060e+02
1.630999999999999872e+01 3.645123760931348897e+02
1.632000000000000028e+01 3.641949426145390589e+02
1.632999999999999829e+01 3.636830907877175605e+02
1.633999999999999986e+01 3.617260803015223019e+02
1.635000000000000142e+01 3.574229545560926908e+02
1.635999999999999943e+01 3.543516230251304933e+02
1.637000000000000099e+01 3.529125400756536237e+02
1.637999999999999901e+01 3.518213047796475621e+02
1.639000000000000057e+01 3.509498178241838104e+02
1.639999999999999858e+01 3.501834502532806823e+02
1.641000000000000014e+01 3.498139064977680164e+02
1.642000000000000171e+01 3.493143387655829883e+02
1.642999999999999972e+01 3.484963875959610391e+02
1.644000000000000128e+01 3.471632993007050345e+02
1.644999999999999929e+01 3.454031402303200480e+02
1.646000000000000085e+01 3.442430526485472910e+02
1.646999999999999886e+01 3.433151431527736008e+02
1.648000000000000043e+01 3.419430753926524744e+02
1.648999999999999844e+01 3.380947588319936017e+02
1.650000000000000000e+01 3.326180278306884475e+02
1.651000000000000156e+01 3.243391764259231991e+02
1.651999999999999957e+01 3.146985282362198291e+02
1.653000000000000114e+01 3.064039554518728323e+02
1.653999999999999915e+01 3.014570256121098737e+02
1.655000000000000071e+01 2.976648705619343218e+02
1.655999999999999872e+01 2.956672108798913996e+02
1.657000000000000028e+01 2.953546555712692907e+02
1.657999999999999829e+01 2.957488818990134973e+02
1.658999999999999986e+01 2.963823333708903647e+02
1.660000000000000142e+01 2.970288592478423766e+02
1.660999999999999943e+01 2.976664935144993933e+02
1.662000000000000099e+01 2.988340976568298970e+02
1.662999999999999901e+01 3.001696078437915958e+02
1.664000000000000057e+01 3.013809875438676613e+02
1.664999999999999858e+01 3.027114560629102016e+02
1.666000000000000014e+01 3.039860897867471294e+02
1.667000000000000171e+01 3.045719049824445506e+02
1.667999999999999972e+01 3.045757797089363521e+02
1.669000000000000128e+01 3.040954457859513695e+02
1.669999999999999929e+01 3.032728491039351297e+02
1.671000000000000085e+01 3.023391547056700119e+02
1.671999999999999886e+01 3.015806026726478422e+02
1.673000000000000043e+01 3.009802609027442486e+02
1.673999999999999844e+01 3.007318726560449704e+02
1.675000000000000000e+01 3.010115392748805334e+02
1.676000000000000156e+01 3.011579292805250248e+02
1.676999999999999957e+01 3.005750524006542719e+02
1.678000000000000114e+01 2.991474597411790910e+02
1.678999999999999915e+01 2.976079132279997452e+02
1.680000000000000071e+01 2.971046384204263973e+02
1.680999999999999872e+01 2.976781206738567676e+02
1.682000000000000028e+01 2.989267930184269630e+02
1.682999999999999829e+01 3.003775258204169631e+02
1.683999999999999986e+01 3.025540926069486432e+02
1.685000000000000142e+01 3.052067479792804079e+02
1.685999999999999943e+01 3.054269366472464640e+02
1.687000000000000099e+01 3.017976019812167578e+02
1.687999999999999901e+01 2.966693879429568597e+02
1.689000000000000057e+01 2.951210375522898062e+02
1.689999999999999858e+01 2.977502008467371297e+02
1.691000000000000014e+01 3.044224749420558283e+02
1.692000000000000171e+01 3.124464321048233160e+02
1.692999999999999972e+01 3.206935055331649096e+02
1.694000000000000128e+01 3.257425486253421241e+02
1.694999999999999929e+01 3.269019407213385193e+02
1.696000000000000085e+01 3.236582659933761761e+02
1.696999999999999886e+01 3.174914456769685103e+02
1.698000000000000043e+01 0.000000000000000000e+00
1.698999999999999844e+01 0.000000000000000000e+00
1.700000000000000000e+01 2.570597672382272663e+02
1.701000000000000156e+01 2.539137129405144151e+02
1.701999999999999957e+01 2.539641703622245643e+02
1.703000000000000114e+01 2.570125074269974448e+02
1.703999999999999915e+01 2.651926610815314120e+02
1.705000000000000071e+01 2.757672141155005647e+02
1.705999999999999872e+01 0.000000000000000000e+00
1.707000000000000028e+01 3.154273146419781142e+02
1.707999999999999829e+01 3.211918951089830898e+02
1.708999999999999986e+01 3.240761756915429146e+02
1.710000000000000142e+01 3.244423271018130208e+02
1.710999999999999943e+01 3.207484407028102851e+02
1.712000000000000099e+01 3.137641434486778280e+02
1.712999999999999901e+01 3.045839760540360999e+02
1.714000000000000057e+01 0.000000000000000000e+00
1.714999999999999858e+01 2.776248454308063174e+02
1.716000000000000014e+01 2.690491514863410885e+02
1.717000000000000171e+01 2.599444800163471427e+02
1.717999999999999972e+01 2.515136662859486876e+02
1.719000000000000128e+01 2.417432440718097268e+02
1.719999999999999929e+01 2.352585265230419225e+02
1.721000000000000085e+01 0.000000000000000000e+00
1.721999999999999886e+01 0.000000000000000000e+00
1.723000000000000043e+01 0.000000000000000000e+00
1.723999999999999844e+01 0.000000000000000000e+00
1.725000000000000000e+01 0.000000000000000000e+00
1.726000000000000156e+01 0.000000000000000000e+00
1.726999999999999957e+01 0.000000000000000000e+00
1.728000000000000114e+01 0.000000000000000000e+00
1.728999999999999915e+01 0.000000000000000000e+00
1.730000000000000071e+01 0.000000000000000000e+00
1.730999999999999872e+01 0.000000000000000000e+00
1.732000000000000028e+01 0.000000000000000000e+00
1.732999999999999829e+01 0.000000000000000000e+00
1.733999999999999986e+01 0.000000000000000000e+00
1.735000000000000142e+01 0.000000000000000000e+00
1.735999999999999943e+01 0.000000000000000000e+00
1.737000000000000099e+01 0.000000000000000000e+00
1.737999999999999901e+01 0.000000000000000000e+00
1.739000000000000057e+01 0.000000000000000000e+00
1.739999999999999858e+01 0.000000000000000000e+00
1.741000000000000014e+01 0.000000000000000000e+00
1.742000000000000171e+01 0.000000000000000000e+00
1.742999999999999972e+01 0.000000000000000000e+00
1.744000000000000128e+01 0.000000000000000000e+00
1.744999999999999929e+01 0.000000000000000000e+00
1.746000000000000085e+01 0.000000000000000000e+00
