0.000000000000000000e+00 1.375590862410276429e+02
1.000000000000000021e-02 1.391391979615849266e+02
2.000000000000000042e-02 1.409509480458045516e+02
2.999999999999999889e-02 1.425572179030885991e+02
4.000000000000000083e-02 1.455857626872452784e+02
5.000000000000000278e-02 1.501508481461142424e+02
5.999999999999999778e-02 1.582647385318302895e+02
7.000000000000000666e-02 1.650254208141250274e+02
8.000000000000000167e-02 1.688871561410651907e+02
8.999999999999999667e-02 1.735963896446587569e+02
1.000000000000000056e-01 1.775332394230878776e+02
1.100000000000000006e-01 1.817717517232754290e+02
1.199999999999999956e-01 1.847012572544450677e+02
1.300000000000000044e-01 1.878959580464103567e+02
1.400000000000000133e-01 1.901697696576172234e+02
1.499999999999999944e-01 1.923118615238288669e+02
1.600000000000000033e-01 1.940718068354758259e+02
1.700000000000000122e-01 1.954856413305384990e+02
1.799999999999999933e-01 1.957069404150028902e+02
1.900000000000000022e-01 1.950606875549453605e+02
2.000000000000000111e-01 1.927821035729202492e+02
2.099999999999999922e-01 1.876655607825438778e+02
2.200000000000000011e-01 1.772491916611639340e+02
2.300000000000000100e-01 1.714817738779635192e+02
2.399999999999999911e-01 1.730022253946371507e+02
2.500000000000000000e-01 1.738563800465146301e+02
2.600000000000000089e-01 1.756502677921894815e+02
2.700000000000000178e-01 1.777671209985907694e+02
2.800000000000000266e-01 1.801429530448326943e+02
2.899999999999999800e-01 1.828899940733889196e+02
2.999999999999999889e-01 1.855767861037739408e+02
3.099999999999999978e-01 1.873633244770089163e+02
3.200000000000000067e-01 1.890318462216335433e+02
3.300000000000000155e-01 1.897519376049033895e+02
3.400000000000000244e-01 1.898009504374991820e+02
3.499999999999999778e-01 1.897632903498937651e+02
3.599999999999999867e-01 1.897457505234974064e+02
3.699999999999999956e-01 1.902977582253069500e+02
3.800000000000000044e-01 1.919474603535084327e+02
3.900000000000000133e-01 1.936696719070120025e+02
4.000000000000000222e-01 1.950554761927620007e+02
4.099999999999999756e-01 1.960934814500425318e+02
4.199999999999999845e-01 1.966843798341570277e+02
4.299999999999999933e-01 1.966528050950410318e+02
4.400000000000000022e-01 1.961201091208633329e+02
4.500000000000000111e-01 1.954432386641645962e+02
4.600000000000000200e-01 1.945836703983837594e+02
4.699999999999999734e-01 1.930926880386136872e+02
4.799999999999999822e-01 1.908470385557972975e+02
4.899999999999999911e-01 1.873407198827023876e+02
5.000000000000000000e-01 1.842246074138229801e+02
5.100000000000000089e-01 1.772639264354538113e+02
5.200000000000000178e-01 1.683315755043946922e+02
5.300000000000000266e-01 1.673454245942199066e+02
5.400000000000000355e-01 1.688489847266253037e+02
5.500000000000000444e-01 1.711357742190386944e+02
5.600000000000000533e-01 1.736551494818746164e+02
5.699999999999999512e-01 1.771637780220062552e+02
5.799999999999999600e-01 1.816472182210335689e+02
5.899999999999999689e-01 1.875461397050244159e+02
5.999999999999999778e-01 1.925815324680101526e+02
6.099999999999999867e-01 1.956775107932119795e+02
6.199999999999999956e-01 1.962276377285980971e+02
6.300000000000000044e-01 1.943414700560768438e+02
6.400000000000000133e-01 1.892457948713796156e+02
6.500000000000000222e-01 1.810251114076586418e+02
6.600000000000000311e-01 1.752373313016966563e+02
6.700000000000000400e-01 1.736001165807012114e+02
6.800000000000000488e-01 1.742265302495907520e+02
6.899999999999999467e-01 1.774039890165762756e+02
6.999999999999999556e-01 1.828372345168907032e+02
7.099999999999999645e-01 1.952440943078700286e+02
7.199999999999999734e-01 2.025150197856349621e+02
7.299999999999999822e-01 2.051901535792218283e+02
7.399999999999999911e-01 2.052046619686939266e+02
7.500000000000000000e-01 2.025446188578398505e+02
7.600000000000000089e-01 0.000000000000000000e+00
7.700000000000000178e-01 0.000000000000000000e+00
7.800000000000000266e-01 1.717950519843992083e+02
7.900000000000000355e-01 1.688638445343794956e+02
8.000000000000000444e-01 1.679218462518022932e+02
8.100000000000000533e-01 1.707711521819538518e+02
8.199999999999999512e-01 0.000000000000000000e+00
8.299999999999999600e-01 1.925297522461218023e+02
8.399999999999999689e-01 1.989338578451832404e+02
8.499999999999999778e-01 2.035283716937822192e+02
8.599999999999999867e-01 2.050044936395823925e+02
8.699999999999999956e-01 2.046800276997012986e+02
8.800000000000000044e-01 2.003571681374503726e+02
8.900000000000000133e-01 0.000000000000000000e+00
9.000000000000000222e-01 1.854278656065694122e+02
9.100000000000000311e-01 0.000000000000000000e+00
9.200000000000000400e-01 1.585344911327507589e+02
9.300000000000000488e-01 1.554427283701720910e+02
9.399999999999999467e-01 1.535988149376315164e+02
9.499999999999999556e-01 1.650982025961409363e+02
9.599999999999999645e-01 0.000000000000000000e+00
9.699999999999999734e-01 1.936464496251590788e+02
9.799999999999999822e-01 1.973874936749994617e+02
9.899999999999999911e-01 2.007827282069018509e+02
1.000000000000000000e+00 2.047500673458907556e+02
1.010000000000000009e+00 2.104193458090250886e+02
1.020000000000000018e+00 2.195828906856038429e+02
1.030000000000000027e+00 2.241311528653868663e+02
1.040000000000000036e+00 2.280555944220857612e+02
1.050000000000000044e+00 2.308548881551152192e+02
1.060000000000000053e+00 2.323836157152176440e+02
1.070000000000000062e+00 2.323837318464715054e+02
1.080000000000000071e+00 2.307373053865515260e+02
1.090000000000000080e+00 2.286620243167174920e+02
1.100000000000000089e+00 2.273925104697090944e+02
1.110000000000000098e+00 2.268193897045812832e+02
1.120000000000000107e+00 2.268527139685200211e+02
1.129999999999999893e+00 2.266133916411301641e+02
1.139999999999999902e+00 2.262388825728830284e+02
1.149999999999999911e+00 2.255755310467293384e+02
1.159999999999999920e+00 2.267675418069117086e+02
1.169999999999999929e+00 0.000000000000000000e+00
1.179999999999999938e+00 2.419023566092817816e+02
1.189999999999999947e+00 2.414931834070800960e+02
1.199999999999999956e+00 2.436860854377388534e+02
1.209999999999999964e+00 0.000000000000000000e+00
1.219999999999999973e+00 2.711876094778821198e+02
1.229999999999999982e+00 2.696758278050272111e+02
1.239999999999999991e+00 2.697109562111530181e+02
1.250000000000000000e+00 0.000000000000000000e+00
1.260000000000000009e+00 0.000000000000000000e+00
1.270000000000000018e+00 0.000000000000000000e+00
1.280000000000000027e+00 0.000000000000000000e+00
1.290000000000000036e+00 0.000000000000000000e+00
1.300000000000000044e+00 0.000000000000000000e+00
1.310000000000000053e+00 0.000000000000000000e+00
1.320000000000000062e+00 0.000000000000000000e+00
1.330000000000000071e+00 0.000000000000000000e+00
1.340000000000000080e+00 0.000000000000000000e+00
1.350000000000000089e+00 0.000000000000000000e+00
1.360000000000000098e+00 0.000000000000000000e+00
1.370000000000000107e+00 0.000000000000000000e+00
1.379999999999999893e+00 0.000000000000000000e+00
1.389999999999999902e+00 0.000000000000000000e+00
1.399999999999999911e+00 0.000000000000000000e+00
1.409999999999999920e+00 0.000000000000000000e+00
1.419999999999999929e+00 0.000000000000000000e+00
1.429999999999999938e+00 0.000000000000000000e+00
1.439999999999999947e+00 0.000000000000000000e+00
1.449999999999999956e+00 0.000000000000000000e+00
1.459999999999999964e+00 0.000000000000000000e+00
1.469999999999999973e+00 0.000000000000000000e+00
1.479999999999999982e+00 0.000000000000000000e+00
1.489999999999999991e+00 0.000000000000000000e+00
1.500000000000000000e+00 0.000000000000000000e+00
1.510000000000000009e+00 0.000000000000000000e+00
1.520000000000000018e+00 0.000000000000000000e+00
1.530000000000000027e+00 0.000000000000000000e+00
1.540000000000000036e+00 0.000000000000000000e+00
1.550000000000000044e+00 0.000000000000000000e+00
1.560000000000000053e+00 0.000000000000000000e+00
1.570000000000000062e+00 0.000000000000000000e+00
1.580000000000000071e+00 0.000000000000000000e+00
1.590000000000000080e+00 0.000000000000000000e+00
1.600000000000000089e+00 0.000000000000000000e+00
1.610000000000000098e+00 0.000000000000000000e+00
1.620000000000000107e+00 0.000000000000000000e+00
1.629999999999999893e+00 0.000000000000000000e+00
1.639999999999999902e+00 0.000000000000000000e+00
1.649999999999999911e+00 0.000000000000000000e+00
1.659999999999999920e+00 0.000000000000000000e+00
1.669999999999999929e+00 0.000000000000000000e+00
1.679999999999999938e+00 0.000000000000000000e+00
1.689999999999999947e+00 0.000000000000000000e+00
1.699999999999999956e+00 0.000000000000000000e+00
1.709999999999999964e+00 0.000000000000000000e+00
1.719999999999999973e+00 0.000000000000000000e+00
1.729999999999999982e+00 0.000000000000000000e+00
1.739999999999999991e+00 0.000000000000000000e+00
1.750000000000000000e+00 0.000000000000000000e+00
1.760000000000000009e+00 0.000000000000000000e+00
1.770000000000000018e+00 0.000000000000000000e+00
1.780000000000000027e+00 0.000000000000000000e+00
1.790000000000000036e+00 1.293913620276825611e+02
1.800000000000000044e+00 0.000000000000000000e+00
1.810000000000000053e+00 1.186147748136118878e+02
1.820000000000000062e+00 1.176803142375950131e+02
1.830000000000000071e+00 1.158310420912146697e+02
1.840000000000000080e+00 1.147681821485358569e+02
1.850000000000000089e+00 1.164021486422569183e+02
1.860000000000000098e+00 1.195619647161977781e+02
1.870000000000000107e+00 0.000000000000000000e+00
1.879999999999999893e+00 0.000000000000000000e+00
1.889999999999999902e+00 0.000000000000000000e+00
1.899999999999999911e+00 1.658170640182283933e+02
1.909999999999999920e+00 1.691249995037010194e+02
1.919999999999999929e+00 1.727164062739849726e+02
1.929999999999999938e+00 1.741934992792566845e+02
1.939999999999999947e+00 1.749233483059425964e+02
1.949999999999999956e+00 1.733603716137651531e+02
1.959999999999999964e+00 0.000000000000000000e+00
1.969999999999999973e+00 0.000000000000000000e+00
1.979999999999999982e+00 0.000000000000000000e+00
1.989999999999999991e+00 0.000000000000000000e+00
2.000000000000000000e+00 0.000000000000000000e+00
2.009999999999999787e+00 0.000000000000000000e+00
2.020000000000000018e+00 0.000000000000000000e+00
2.029999999999999805e+00 0.000000000000000000e+00
2.040000000000000036e+00 1.328754334999038917e+02
2.049999999999999822e+00 1.320309457707671470e+02
2.060000000000000053e+00 1.319131215324034940e+02
2.069999999999999840e+00 1.315344544022877074e+02
2.080000000000000071e+00 1.317555652260127204e+02
2.089999999999999858e+00 1.320619080399198424e+02
2.100000000000000089e+00 1.315145470508721530e+02
2.109999999999999876e+00 1.302715574805131382e+02
2.120000000000000107e+00 1.293845602401304689e+02
2.129999999999999893e+00 1.300684462275659143e+02
2.140000000000000124e+00 1.323754273499995975e+02
2.149999999999999911e+00 1.411339670975661136e+02
2.160000000000000142e+00 0.000000000000000000e+00
2.169999999999999929e+00 1.655509151458875579e+02
2.180000000000000160e+00 0.000000000000000000e+00
2.189999999999999947e+00 0.000000000000000000e+00
2.200000000000000178e+00 1.940541518437449326e+02
2.209999999999999964e+00 1.994648810235200642e+02
2.220000000000000195e+00 2.013453580356317048e+02
2.229999999999999982e+00 2.002776021388916661e+02
2.240000000000000213e+00 1.961420042713731391e+02
2.250000000000000000e+00 1.915660890390063287e+02
2.259999999999999787e+00 1.870809691154016718e+02
2.270000000000000018e+00 1.843542612372127110e+02
2.279999999999999805e+00 1.832110856858703301e+02
2.290000000000000036e+00 1.837904529503613276e+02
2.299999999999999822e+00 1.855257853998048461e+02
2.310000000000000053e+00 1.891596422096121159e+02
2.319999999999999840e+00 1.915796158497946067e+02
2.330000000000000071e+00 1.923686227401397559e+02
2.339999999999999858e+00 1.917128297639929997e+02
2.350000000000000089e+00 1.895486285898595042e+02
2.359999999999999876e+00 1.870357653113226206e+02
2.370000000000000107e+00 1.850678158272839084e+02
2.379999999999999893e+00 1.830156770632197265e+02
2.390000000000000124e+00 1.797045411701893443e+02
2.399999999999999911e+00 1.775908184879051817e+02
2.410000000000000142e+00 1.778631447631482558e+02
2.419999999999999929e+00 1.810153684134005516e+02
2.430000000000000160e+00 1.835282386422533989e+02
2.439999999999999947e+00 1.938060707190669802e+02
2.450000000000000178e+00 2.030044022251343563e+02
2.459999999999999964e+00 2.087574425688542874e+02
2.470000000000000195e+00 2.112871582928625571e+02
2.479999999999999982e+00 2.111605042487889818e+02
2.490000000000000213e+00 2.090523754325482457e+02
2.500000000000000000e+00 2.046969464633044140e+02
2.509999999999999787e+00 0.000000000000000000e+00
2.520000000000000018e+00 1.872597541785942781e+02
2.529999999999999805e+00 1.835625578460251290e+02
2.540000000000000036e+00 1.812284365513264675e+02
2.549999999999999822e+00 1.814477272665408805e+02
2.560000000000000053e+00 1.835776356064673109e+02
2.569999999999999840e+00 1.874611225342148657e+02
2.580000000000000071e+00 1.940022973286537535e+02
2.589999999999999858e+00 1.998994063666807506e+02
2.600000000000000089e+00 2.035019304983937616e+02
2.609999999999999876e+00 2.039939038809621934e+02
2.620000000000000107e+00 0.000000000000000000e+00
2.629999999999999893e+00 0.000000000000000000e+00
2.640000000000000124e+00 1.765416567886288703e+02
2.649999999999999911e+00 1.695317867340635871e+02
2.660000000000000142e+00 1.620212257236648838e+02
2.669999999999999929e+00 1.546805194832799373e+02
2.680000000000000160e+00 1.475924507160027588e+02
2.689999999999999947e+00 1.436784333881594478e+02
2.700000000000000178e+00 1.429568191251149187e+02
2.709999999999999964e+00 0.000000000000000000e+00
2.720000000000000195e+00 1.670488875598065306e+02
2.729999999999999982e+00 1.722434194989572234e+02
2.740000000000000213e+00 1.762963440499761987e+02
2.750000000000000000e+00 1.796671771757359863e+02
2.759999999999999787e+00 1.852824723756134802e+02
2.770000000000000018e+00 1.923594953560715908e+02
2.779999999999999805e+00 1.957190470361258861e+02
2.790000000000000036e+00 1.973708467930507311e+02
2.799999999999999822e+00 1.985987738201245350e+02
2.810000000000000053e+00 1.995893117911742820e+02
2.819999999999999840e+00 1.999196984360967804e+02
2.830000000000000071e+00 1.992949320493684411e+02
2.839999999999999858e+00 1.980257064345971685e+02
2.850000000000000089e+00 1.966617032232137774e+02
2.859999999999999876e+00 1.951742210968360496e+02
2.870000000000000107e+00 1.938159512942462186e+02
2.879999999999999893e+00 1.924939197038295333e+02
2.890000000000000124e+00 1.915929700901647834e+02
2.899999999999999911e+00 1.908188509286346175e+02
2.910000000000000142e+00 1.903026067532403545e+02
2.919999999999999929e+00 1.901353974341743935e+02
2.930000000000000160e+00 1.903408137029322234e+02
2.939999999999999947e+00 1.905465339970085097e+02
2.950000000000000178e+00 1.912599906508344247e+02
2.959999999999999964e+00 1.919467394632580692e+02
2.970000000000000195e+00 1.930359556982801337e+02
2.979999999999999982e+00 1.938364418503555271e+02
2.990000000000000213e+00 1.940801965830598590e+02
3.000000000000000000e+00 1.938661695823346918e+02
3.009999999999999787e+00 0.000000000000000000e+00
3.020000000000000018e+00 1.824795111004304999e+02
3.029999999999999805e+00 1.858070240096650991e+02
3.040000000000000036e+00 0.000000000000000000e+00
3.049999999999999822e+00 2.001647281842746793e+02
3.060000000000000053e+00 2.043697151518234989e+02
3.069999999999999840e+00 2.069954092303183586e+02
3.080000000000000071e+00 2.086631684896767638e+02
3.089999999999999858e+00 2.105389844154438777e+02
3.100000000000000089e+00 2.126459567207841133e+02
3.109999999999999876e+00 2.148987050049316849e+02
3.120000000000000107e+00 2.179355032570730089e+02
3.129999999999999893e+00 2.222635175187923267e+02
3.140000000000000124e+00 2.269060889774204384e+02
3.149999999999999911e+00 2.324061298280045946e+02
3.160000000000000142e+00 2.356654851921623788e+02
3.169999999999999929e+00 2.371720424970721410e+02
3.180000000000000160e+00 2.379149863984289368e+02
3.189999999999999947e+00 2.375562835750299939e+02
3.200000000000000178e+00 2.369458060209569226e+02
3.209999999999999964e+00 2.363417816161945950e+02
3.220000000000000195e+00 2.359972042005645392e+02
3.229999999999999982e+00 2.362417730199118466e+02
3.240000000000000213e+00 2.370974837652037763e+02
3.250000000000000000e+00 2.378201087618972736e+02
3.259999999999999787e+00 2.382732729028135168e+02
3.270000000000000018e+00 2.388425362658475137e+02
3.279999999999999805e+00 2.394681177504611469e+02
3.290000000000000036e+00 2.395604008155980580e+02
3.299999999999999822e+00 2.389153423325050198e+02
3.310000000000000053e+00 2.370149524980302829e+02
3.319999999999999840e+00 2.356228557122578593e+02
3.330000000000000071e+00 2.354182732540348582e+02
3.339999999999999858e+00 2.368048628206948081e+02
3.350000000000000089e+00 2.404290695721995803e+02
3.359999999999999876e+00 2.450502250447996744e+02
3.370000000000000107e+00 2.529287901814299175e+02
3.379999999999999893e+00 2.601819449387432996e+02
3.390000000000000124e+00 2.615160553646996391e+02
3.399999999999999911e+00 2.612217041437725698e+02
3.410000000000000142e+00 0.000000000000000000e+00
3.419999999999999929e+00 0.000000000000000000e+00
3.430000000000000160e+00 0.000000000000000000e+00
3.439999999999999947e+00 0.000000000000000000e+00
3.450000000000000178e+00 0.000000000000000000e+00
3.459999999999999964e+00 0.000000000000000000e+00
3.470000000000000195e+00 0.000000000000000000e+00
3.479999999999999982e+00 0.000000000000000000e+00
3.490000000000000213e+00 0.000000000000000000e+00
3.500000000000000000e+00 0.000000000000000000e+00
3.509999999999999787e+00 0.000000000000000000e+00
3.520000000000000018e+00 0.000000000000000000e+00
3.529999999999999805e+00 0.000000000000000000e+00
3.540000000000000036e+00 0.000000000000000000e+00
3.549999999999999822e+00 0.000000000000000000e+00
3.560000000000000053e+00 0.000000000000000000e+00
3.569999999999999840e+00 0.000000000000000000e+00
3.580000000000000071e+00 0.000000000000000000e+00
3.589999999999999858e+00 0.000000000000000000e+00
3.600000000000000089e+00 0.000000000000000000e+00
3.609999999999999876e+00 0.000000000000000000e+00
3.620000000000000107e+00 0.000000000000000000e+00
3.629999999999999893e+00 0.000000000000000000e+00
3.640000000000000124e+00 0.000000000000000000e+00
3.649999999999999911e+00 0.000000000000000000e+00
3.660000000000000142e+00 0.000000000000000000e+00
3.669999999999999929e+00 0.000000000000000000e+00
3.680000000000000160e+00 0.000000000000000000e+00
3.689999999999999947e+00 0.000000000000000000e+00
3.700000000000000178e+00 0.000000000000000000e+00
3.709999999999999964e+00 0.000000000000000000e+00
3.720000000000000195e+00 0.000000000000000000e+00
3.729999999999999982e+00 0.000000000000000000e+00
3.740000000000000213e+00 0.000000000000000000e+00
3.750000000000000000e+00 0.000000000000000000e+00
3.759999999999999787e+00 0.000000000000000000e+00
3.770000000000000018e+00 0.000000000000000000e+00
3.779999999999999805e+00 0.000000000000000000e+00
3.790000000000000036e+00 0.000000000000000000e+00
3.799999999999999822e+00 0.000000000000000000e+00
3.810000000000000053e+00 0.000000000000000000e+00
3.819999999999999840e+00 0.000000000000000000e+00
3.830000000000000071e+00 0.000000000000000000e+00
3.839999999999999858e+00 0.000000000000000000e+00
3.850000000000000089e+00 0.000000000000000000e+00
3.859999999999999876e+00 0.000000000000000000e+00
3.870000000000000107e+00 0.000000000000000000e+00
3.879999999999999893e+00 0.000000000000000000e+00
3.890000000000000124e+00 0.000000000000000000e+00
3.899999999999999911e+00 0.000000000000000000e+00
3.910000000000000142e+00 0.000000000000000000e+00
3.919999999999999929e+00 1.470918520380103871e+02
3.930000000000000160e+00 1.492637339399085477e+02
3.939999999999999947e+00 1.529610277274424561e+02
3.950000000000000178e+00 0.000000000000000000e+00
3.959999999999999964e+00 1.668428249359733400e+02
3.970000000000000195e+00 0.000000000000000000e+00
3.979999999999999982e+00 1.831543904551478192e+02
3.990000000000000213e+00 1.910482860000777521e+02
4.000000000000000000e+00 1.987144331270894213e+02
4.009999999999999787e+00 2.045740558727295024e+02
4.019999999999999574e+00 2.078165047796831573e+02
4.030000000000000249e+00 2.091372267755230610e+02
4.040000000000000036e+00 2.090882318570973837e+02
4.049999999999999822e+00 2.079701888886860388e+02
4.059999999999999609e+00 2.059759655922979391e+02
4.070000000000000284e+00 2.038272049716925380e+02
4.080000000000000071e+00 2.018466403242109095e+02
4.089999999999999858e+00 2.004920597645792952e+02
4.099999999999999645e+00 1.990618746712465850e+02
4.110000000000000320e+00 1.967648005409801613e+02
4.120000000000000107e+00 1.931573583540750576e+02
4.129999999999999893e+00 1.894634344911878259e+02
4.139999999999999680e+00 1.859819656837392472e+02
4.150000000000000355e+00 1.848316651704732578e+02
4.160000000000000142e+00 1.843508326554120629e+02
4.169999999999999929e+00 1.840560237700409516e+02
4.179999999999999716e+00 1.842507112294062495e+02
4.190000000000000391e+00 1.849151246389669438e+02
4.200000000000000178e+00 1.853828819208367804e+02
4.209999999999999964e+00 1.849694990821794534e+02
4.219999999999999751e+00 1.826064533934815586e+02
4.230000000000000426e+00 1.746641119232132269e+02
4.240000000000000213e+00 1.799067732664105108e+02
4.250000000000000000e+00 0.000000000000000000e+00
4.259999999999999787e+00 1.910691356090984527e+02
4.269999999999999574e+00 1.924837845687802655e+02
4.280000000000000249e+00 1.920134096337267806e+02
4.290000000000000036e+00 1.884673578608329763e+02
4.299999999999999822e+00 0.000000000000000000e+00
4.309999999999999609e+00 1.640679511462726907e+02
4.320000000000000284e+00 1.565208868910793285e+02
4.330000000000000071e+00 1.528061353602161887e+02
4.339999999999999858e+00 1.486093198604615964e+02
4.349999999999999645e+00 1.543753427463330183e+02
4.360000000000000320e+00 0.000000000000000000e+00
4.370000000000000107e+00 1.765221068862089453e+02
4.379999999999999893e+00 1.806761486554878786e+02
4.389999999999999680e+00 1.840620740935572712e+02
4.400000000000000355e+00 1.889083959115915263e+02
4.410000000000000142e+00 1.926989213560605094e+02
4.419999999999999929e+00 1.942304857076480289e+02
4.429999999999999716e+00 1.937356073476081235e+02
4.440000000000000391e+00 1.917772855282547084e+02
4.450000000000000178e+00 1.892009332920584939e+02
4.459999999999999964e+00 1.865293577818157189e+02
4.469999999999999751e+00 1.839204532782892727e+02
4.480000000000000426e+00 1.816878850519320281e+02
4.490000000000000213e+00 1.791055133014189664e+02
4.500000000000000000e+00 1.757481471178926427e+02
4.509999999999999787e+00 1.725953578568165767e+02
4.519999999999999574e+00 0.000000000000000000e+00
4.530000000000000249e+00 0.000000000000000000e+00
4.540000000000000036e+00 0.000000000000000000e+00
4.549999999999999822e+00 0.000000000000000000e+00
4.559999999999999609e+00 0.000000000000000000e+00
4.570000000000000284e+00 0.000000000000000000e+00
4.580000000000000071e+00 0.000000000000000000e+00
4.589999999999999858e+00 0.000000000000000000e+00
4.599999999999999645e+00 0.000000000000000000e+00
4.610000000000000320e+00 1.584544710195968378e+02
4.620000000000000107e+00 1.649268363149756169e+02
4.629999999999999893e+00 0.000000000000000000e+00
4.639999999999999680e+00 1.848484682866925937e+02
4.650000000000000355e+00 1.864605593053246366e+02
4.660000000000000142e+00 1.888280396504670762e+02
4.669999999999999929e+00 1.899855939106677454e+02
4.679999999999999716e+00 1.908996467080399668e+02
4.690000000000000391e+00 1.929780920241098556e+02
4.700000000000000178e+00 1.953801798154442508e+02
4.709999999999999964e+00 1.957263798706782438e+02
4.719999999999999751e+00 1.938799334992359604e+02
4.730000000000000426e+00 1.904690804647941889e+02
4.740000000000000213e+00 1.848308579575932526e+02
4.750000000000000000e+00 1.785715130011551537e+02
4.759999999999999787e+00 1.762771139178788076e+02
4.769999999999999574e+00 1.774297060022744006e+02
4.780000000000000249e+00 1.808289525729995262e+02
4.790000000000000036e+00 1.876704380577315874e+02
4.799999999999999822e+00 1.995820378095837384e+02
4.809999999999999609e+00 2.077049165566980093e+02
4.820000000000000284e+00 2.114221857440620056e+02
4.830000000000000071e+00 2.126735230568704367e+02
4.839999999999999858e+00 2.120523837827523153e+02
4.849999999999999645e+00 2.093721150214542490e+02
4.860000000000000320e+00 2.043371475180294397e+02
4.870000000000000107e+00 1.958351767144251312e+02
4.879999999999999893e+00 1.885122826270929295e+02
4.889999999999999680e+00 0.000000000000000000e+00
4.900000000000000355e+00 1.652604753772378388e+02
4.910000000000000142e+00 1.585747560776874536e+02
4.919999999999999929e+00 0.000000000000000000e+00
4.929999999999999716e+00 0.000000000000000000e+00
4.940000000000000391e+00 1.816964134064403140e+02
4.950000000000000178e+00 1.861121038377764876e+02
4.959999999999999964e+00 1.918708379583186456e+02
4.969999999999999751e+00 1.956010071636921452e+02
4.980000000000000426e+00 1.980873204883720291e+02
4.990000000000000213e+00 1.999431260896773779e+02
5.000000000000000000e+00 2.009910193608161251e+02
5.009999999999999787e+00 2.007203352124702462e+02
5.019999999999999574e+00 1.998402666892712318e+02
5.030000000000000249e+00 1.985104272431654238e+02
5.040000000000000036e+00 1.964617924156925142e+02
5.049999999999999822e+00 1.942437089245745767e+02
5.059999999999999609e+00 1.919140609920289364e+02
5.070000000000000284e+00 1.894491915321688396e+02
5.080000000000000071e+00 1.892053629748729122e+02
5.089999999999999858e+00 1.922541753427768185e+02
5.099999999999999645e+00 1.931519362407762515e+02
5.110000000000000320e+00 1.917647133774785573e+02
5.120000000000000107e+00 1.915553953202640969e+02
5.129999999999999893e+00 1.921014172988855933e+02
5.139999999999999680e+00 1.922887954462423750e+02
5.150000000000000355e+00 1.919264882585680994e+02
5.160000000000000142e+00 1.908788575765745748e+02
5.169999999999999929e+00 1.891933811027615491e+02
5.179999999999999716e+00 1.876088499042943170e+02
5.190000000000000391e+00 1.861349495714065938e+02
5.200000000000000178e+00 1.856249756015882326e+02
5.209999999999999964e+00 1.855536066621365308e+02
5.219999999999999751e+00 1.853330343631898245e+02
5.230000000000000426e+00 1.839443383912898753e+02
5.240000000000000213e+00 1.775465143454511292e+02
5.250000000000000000e+00 1.714075889807405702e+02
5.259999999999999787e+00 1.696469082953207703e+02
5.269999999999999574e+00 1.667632237331982878e+02
5.280000000000000249e+00 1.647386466516730081e+02
5.290000000000000036e+00 1.632708099907729888e+02
5.299999999999999822e+00 1.622747227997823529e+02
5.309999999999999609e+00 1.696231970199762600e+02
5.320000000000000284e+00 1.952910654150459777e+02
5.330000000000000071e+00 0.000000000000000000e+00
5.339999999999999858e+00 2.202196703975934327e+02
5.349999999999999645e+00 2.197649085755118676e+02
5.360000000000000320e+00 2.196051806030138493e+02
5.370000000000000107e+00 2.198223611843555432e+02
5.379999999999999893e+00 2.189224920908520460e+02
5.389999999999999680e+00 2.174822241877449187e+02
5.400000000000000355e+00 2.141013028089007548e+02
5.410000000000000142e+00 2.119315903842346245e+02
5.419999999999999929e+00 2.123375553919075855e+02
5.429999999999999716e+00 2.139915322606898371e+02
5.440000000000000391e+00 2.158863522929497094e+02
5.450000000000000178e+00 2.179035409956149749e+02
5.459999999999999964e+00 2.202342170845217311e+02
5.469999999999999751e+00 2.229825741495612874e+02
5.480000000000000426e+00 2.264018640452038937e+02
5.490000000000000213e+00 2.303302503936127721e+02
5.500000000000000000e+00 2.374021531524333000e+02
5.509999999999999787e+00 2.419018865413794117e+02
5.519999999999999574e+00 2.406849057065708166e+02
5.530000000000000249e+00 2.366009417290479178e+02
5.540000000000000036e+00 0.000000000000000000e+00
5.549999999999999822e+00 2.023642607007005267e+02
5.559999999999999609e+00 1.981798133355214304e+02
5.570000000000000284e+00 1.953969553582437584e+02
5.580000000000000071e+00 1.948615703821666045e+02
5.589999999999999858e+00 1.962556111048363050e+02
5.599999999999999645e+00 0.000000000000000000e+00
5.610000000000000320e+00 2.193266726702247524e+02
5.620000000000000107e+00 2.222630148015136058e+02
5.629999999999999893e+00 2.234760591048710126e+02
5.639999999999999680e+00 2.241910682872280631e+02
5.650000000000000355e+00 2.250089400638302095e+02
5.660000000000000142e+00 2.265055567956600271e+02
5.669999999999999929e+00 2.279862787773176933e+02
5.679999999999999716e+00 2.295576060401066627e+02
5.690000000000000391e+00 2.311682729650714805e+02
5.700000000000000178e+00 2.320414464878427623e+02
5.709999999999999964e+00 2.313370202944409186e+02
5.719999999999999751e+00 2.282728475584792704e+02
5.730000000000000426e+00 2.237460549894531141e+02
5.740000000000000213e+00 2.104359149254284773e+02
5.750000000000000000e+00 0.000000000000000000e+00
5.759999999999999787e+00 1.895694549922939700e+02
5.769999999999999574e+00 0.000000000000000000e+00
5.780000000000000249e+00 0.000000000000000000e+00
5.790000000000000036e+00 0.000000000000000000e+00
5.799999999999999822e+00 0.000000000000000000e+00
5.809999999999999609e+00 0.000000000000000000e+00
5.820000000000000284e+00 1.386050040052530221e+02
5.830000000000000071e+00 1.376159080965911414e+02
5.839999999999999858e+00 1.398829310768991547e+02
5.849999999999999645e+00 0.000000000000000000e+00
5.860000000000000320e+00 1.701483796656807499e+02
5.870000000000000107e+00 1.863096022137697219e+02
5.879999999999999893e+00 1.918924116946907077e+02
5.889999999999999680e+00 1.954166515640202988e+02
5.900000000000000355e+00 1.993112615757358981e+02
5.910000000000000142e+00 2.004447789112745113e+02
5.919999999999999929e+00 1.995611042771115535e+02
5.929999999999999716e+00 1.968534120334931572e+02
5.940000000000000391e+00 1.940738107616545562e+02
5.950000000000000178e+00 1.917607664063217214e+02
5.959999999999999964e+00 1.898497709817951318e+02
5.969999999999999751e+00 1.888761473813504210e+02
5.980000000000000426e+00 1.892155776532167977e+02
5.990000000000000213e+00 1.904021678213282485e+02
6.000000000000000000e+00 1.915667912539583710e+02
6.009999999999999787e+00 1.924222087171797568e+02
6.019999999999999574e+00 1.932089748784992196e+02
6.030000000000000249e+00 1.942495416638470545e+02
6.040000000000000036e+00 1.949368023053646084e+02
6.049999999999999822e+00 1.952904365475332042e+02
6.059999999999999609e+00 1.947346101786310442e+02
6.070000000000000284e+00 1.935433931916586516e+02
6.080000000000000071e+00 1.917837741631785207e+02
6.089999999999999858e+00 1.897326503936529889e+02
6.099999999999999645e+00 1.869707239229657034e+02
6.110000000000000320e+00 1.843143837124560207e+02
6.120000000000000107e+00 1.794078441356634812e+02
6.129999999999999893e+00 1.618862831761788641e+02
6.139999999999999680e+00 1.546269001265440863e+02
6.150000000000000355e+00 1.512033730566591032e+02
6.160000000000000142e+00 1.487374580641451871e+02
6.169999999999999929e+00 1.458091918051102027e+02
6.179999999999999716e+00 1.404116345232835386e+02
6.190000000000000391e+00 1.355871149190385836e+02
6.200000000000000178e+00 1.333911825221701690e+02
6.209999999999999964e+00 1.325791496713326296e+02
6.219999999999999751e+00 1.330214756757398504e+02
6.230000000000000426e+00 1.350221063217039159e+02
6.240000000000000213e+00 1.371053872392742505e+02
6.250000000000000000e+00 1.387187845150706949e+02
6.259999999999999787e+00 1.464390592539139391e+02
6.269999999999999574e+00 1.529448089965372901e+02
6.280000000000000249e+00 1.590015894854383873e+02
6.290000000000000036e+00 1.637222976901717288e+02
6.299999999999999822e+00 1.664906708205620021e+02
6.309999999999999609e+00 1.690275950790953345e+02
6.320000000000000284e+00 1.712476387553638801e+02
6.330000000000000071e+00 1.723279728530459352e+02
6.339999999999999858e+00 1.728463920874887378e+02
6.349999999999999645e+00 1.729173761266862925e+02
6.360000000000000320e+00 1.724331704471320847e+02
6.370000000000000107e+00 1.709553300492734991e+02
6.379999999999999893e+00 1.688590734967323215e+02
6.389999999999999680e+00 1.674658303377871675e+02
6.400000000000000355e+00 1.650463658825484288e+02
6.410000000000000142e+00 1.595395146810645315e+02
6.419999999999999929e+00 1.538098244028918486e+02
6.429999999999999716e+00 1.475854705979371033e+02
6.440000000000000391e+00 1.431922248734292964e+02
6.450000000000000178e+00 1.386958600161187576e+02
6.459999999999999964e+00 1.358871866124011092e+02
6.469999999999999751e+00 1.327680648125749201e+02
6.480000000000000426e+00 1.299780826168799024e+02
6.490000000000000213e+00 1.275015962628073112e+02
6.500000000000000000e+00 1.271318716454633204e+02
6.509999999999999787e+00 1.286244913234295382e+02
6.519999999999999574e+00 1.313307627504942161e+02
6.530000000000000249e+00 1.355493374030595248e+02
6.540000000000000036e+00 1.469239035733187677e+02
6.549999999999999822e+00 0.000000000000000000e+00
6.559999999999999609e+00 0.000000000000000000e+00
6.570000000000000284e+00 1.747034880992071635e+02
6.580000000000000071e+00 1.825993190137887723e+02
6.589999999999999858e+00 1.892418052512141173e+02
6.599999999999999645e+00 1.942736107929919172e+02
6.610000000000000320e+00 1.969217878417570660e+02
6.620000000000000107e+00 1.964273569207265950e+02
6.629999999999999893e+00 1.933563406754798280e+02
6.639999999999999680e+00 1.874714150074057670e+02
6.650000000000000355e+00 1.826507865449710550e+02
6.660000000000000142e+00 1.770366278499149644e+02
6.669999999999999929e+00 1.757257584230811744e+02
6.679999999999999716e+00 1.770369360063949671e+02
6.690000000000000391e+00 1.808846754337447749e+02
6.700000000000000178e+00 1.840937462245327652e+02
6.709999999999999964e+00 1.871414099469494090e+02
6.719999999999999751e+00 1.885509910193852363e+02
6.730000000000000426e+00 1.871200202211927035e+02
6.740000000000000213e+00 1.830969242759354927e+02
6.750000000000000000e+00 1.729600571095050725e+02
6.759999999999999787e+00 1.655888504509510426e+02
6.769999999999999574e+00 1.631554793875068015e+02
6.780000000000000249e+00 1.644029749574273183e+02
6.790000000000000036e+00 1.679978985760722026e+02
6.799999999999999822e+00 1.761068694631236724e+02
6.809999999999999609e+00 1.812462049815367209e+02
6.820000000000000284e+00 1.849957100843438980e+02
6.830000000000000071e+00 1.875413965482257765e+02
6.839999999999999858e+00 1.897151162186073918e+02
6.849999999999999645e+00 1.907046976865429428e+02
6.860000000000000320e+00 1.905373179389391112e+02
6.870000000000000107e+00 1.897091645297379330e+02
6.879999999999999893e+00 1.883077191707599525e+02
6.889999999999999680e+00 1.871467912113574243e+02
6.900000000000000355e+00 1.865445862434368109e+02
6.910000000000000142e+00 1.865163892714952567e+02
6.919999999999999929e+00 1.874627402015458415e+02
6.929999999999999716e+00 1.894534880278309856e+02
6.940000000000000391e+00 1.909390916079393890e+02
6.950000000000000178e+00 1.921864424177947512e+02
6.959999999999999964e+00 1.923827129743547744e+02
6.969999999999999751e+00 1.922074143269195474e+02
6.980000000000000426e+00 1.924750446242952933e+02
6.990000000000000213e+00 1.961478648818882959e+02
7.000000000000000000e+00 0.000000000000000000e+00
7.009999999999999787e+00 0.000000000000000000e+00
7.019999999999999574e+00 0.000000000000000000e+00
7.030000000000000249e+00 0.000000000000000000e+00
7.040000000000000036e+00 0.000000000000000000e+00
7.049999999999999822e+00 0.000000000000000000e+00
7.059999999999999609e+00 0.000000000000000000e+00
7.070000000000000284e+00 0.000000000000000000e+00
7.080000000000000071e+00 0.000000000000000000e+00
7.089999999999999858e+00 2.243124634944831541e+02
7.099999999999999645e+00 2.214490732236193935e+02
7.110000000000000320e+00 2.198577728683176815e+02
7.120000000000000107e+00 2.184047965370988891e+02
7.129999999999999893e+00 2.169009984430268787e+02
7.139999999999999680e+00 2.159963131645994565e+02
7.150000000000000355e+00 2.163003234534553485e+02
7.160000000000000142e+00 2.173814918139752876e+02
7.169999999999999929e+00 2.191577641121722593e+02
7.179999999999999716e+00 2.204521202764331065e+02
7.190000000000000391e+00 2.220062712440836208e+02
7.200000000000000178e+00 2.238600754550137424e+02
7.209999999999999964e+00 2.262801814645192735e+02
7.219999999999999751e+00 2.293158895727830497e+02
7.230000000000000426e+00 2.331266411069996138e+02
7.240000000000000213e+00 2.374958287429277561e+02
7.250000000000000000e+00 2.427669371815524357e+02
7.259999999999999787e+00 2.486119645805209473e+02
7.269999999999999574e+00 2.533579676355126082e+02
7.280000000000000249e+00 2.550745279752407839e+02
7.290000000000000036e+00 2.540685447759330202e+02
7.299999999999999822e+00 2.500680442176584677e+02
7.309999999999999609e+00 2.446205742959606084e+02
7.320000000000000284e+00 2.370980483495445412e+02
7.330000000000000071e+00 2.235654879307186320e+02
7.339999999999999858e+00 2.204132160973574912e+02
7.349999999999999645e+00 2.163171273469828861e+02
7.360000000000000320e+00 0.000000000000000000e+00
7.370000000000000107e+00 0.000000000000000000e+00
7.379999999999999893e+00 1.821701790648020562e+02
7.389999999999999680e+00 1.745620263421376990e+02
7.400000000000000355e+00 1.707124818445023777e+02
7.410000000000000142e+00 1.681236259012730443e+02
7.419999999999999929e+00 1.680961575109640194e+02
7.429999999999999716e+00 1.712298485559573180e+02
7.440000000000000391e+00 1.739796100120882727e+02
7.450000000000000178e+00 1.753157887793223040e+02
7.459999999999999964e+00 1.760002561074447840e+02
7.469999999999999751e+00 1.750656381838113873e+02
7.480000000000000426e+00 1.739098346106384838e+02
7.490000000000000213e+00 1.739686892236611300e+02
7.500000000000000000e+00 1.734543390823030791e+02
7.509999999999999787e+00 1.710791034066000407e+02
7.519999999999999574e+00 1.693010785806399099e+02
7.530000000000000249e+00 1.672328353795414557e+02
7.540000000000000036e+00 1.652444034883142763e+02
7.549999999999999822e+00 1.632089182825639568e+02
7.559999999999999609e+00 1.620648521332978760e+02
7.570000000000000284e+00 1.614167670412326174e+02
7.580000000000000071e+00 1.603449544604374069e+02
7.589999999999999858e+00 1.588947785003883268e+02
7.599999999999999645e+00 1.574261605039584140e+02
7.610000000000000320e+00 1.566352178678650091e+02
7.620000000000000107e+00 1.566463817361949680e+02
7.629999999999999893e+00 1.578317100308119620e+02
7.639999999999999680e+00 1.595537199852459196e+02
7.650000000000000355e+00 1.597470744444045749e+02
7.660000000000000142e+00 1.578975801014302363e+02
7.669999999999999929e+00 1.552357329278424913e+02
7.679999999999999716e+00 1.513295007213080794e+02
7.690000000000000391e+00 1.461295013707579642e+02
7.700000000000000178e+00 1.420522999516670666e+02
7.709999999999999964e+00 1.379409569760158263e+02
7.719999999999999751e+00 1.349863440325648583e+02
7.730000000000000426e+00 1.323071566174382667e+02
7.740000000000000213e+00 1.313088419206288791e+02
7.750000000000000000e+00 1.321683415001882338e+02
7.759999999999999787e+00 1.337864038560851725e+02
7.769999999999999574e+00 1.360041704404185623e+02
7.780000000000000249e+00 1.384565830685496621e+02
7.790000000000000036e+00 1.411835672229459533e+02
7.799999999999999822e+00 1.441278539474591582e+02
7.809999999999999609e+00 1.466145636937497159e+02
7.820000000000000284e+00 1.481676610507247176e+02
7.830000000000000071e+00 1.502358797641867341e+02
7.839999999999999858e+00 1.518558295945925920e+02
7.849999999999999645e+00 1.521923692403105690e+02
7.860000000000000320e+00 1.505794897713185776e+02
7.870000000000000107e+00 1.483979498953090399e+02
7.879999999999999893e+00 1.456655050621525334e+02
7.889999999999999680e+00 1.395911177365331639e+02
7.900000000000000355e+00 1.370007964093161377e+02
7.910000000000000142e+00 1.359776484155740377e+02
7.919999999999999929e+00 1.370048891951279018e+02
7.929999999999999716e+00 0.000000000000000000e+00
7.940000000000000391e+00 1.513677549481253664e+02
7.950000000000000178e+00 1.580666679443733074e+02
7.959999999999999964e+00 1.611530286784558825e+02
7.969999999999999751e+00 1.609740468031209275e+02
7.980000000000000426e+00 1.575831532894922020e+02
7.990000000000000213e+00 1.534940018020705281e+02
8.000000000000000000e+00 0.000000000000000000e+00
8.009999999999999787e+00 0.000000000000000000e+00
8.019999999999999574e+00 0.000000000000000000e+00
8.029999999999999361e+00 0.000000000000000000e+00
8.039999999999999147e+00 1.078528752532859869e+02
8.050000000000000711e+00 1.066543830584018338e+02
8.060000000000000497e+00 1.089150351818840647e+02
8.070000000000000284e+00 1.111903721599650510e+02
8.080000000000000071e+00 1.135534181203472173e+02
8.089999999999999858e+00 0.000000000000000000e+00
8.099999999999999645e+00 0.000000000000000000e+00
8.109999999999999432e+00 0.000000000000000000e+00
8.119999999999999218e+00 0.000000000000000000e+00
8.130000000000000782e+00 0.000000000000000000e+00
8.140000000000000568e+00 0.000000000000000000e+00
8.150000000000000355e+00 0.000000000000000000e+00
8.160000000000000142e+00 0.000000000000000000e+00
8.169999999999999929e+00 0.000000000000000000e+00
8.179999999999999716e+00 0.000000000000000000e+00
8.189999999999999503e+00 0.000000000000000000e+00
8.199999999999999289e+00 0.000000000000000000e+00
8.210000000000000853e+00 0.000000000000000000e+00
8.220000000000000639e+00 0.000000000000000000e+00
8.230000000000000426e+00 0.000000000000000000e+00
8.240000000000000213e+00 0.000000000000000000e+00
8.250000000000000000e+00 0.000000000000000000e+00
8.259999999999999787e+00 0.000000000000000000e+00
8.269999999999999574e+00 0.000000000000000000e+00
8.279999999999999361e+00 0.000000000000000000e+00
8.289999999999999147e+00 0.000000000000000000e+00
8.300000000000000711e+00 1.539253038663573534e+02
8.310000000000000497e+00 1.587071914458609569e+02
8.320000000000000284e+00 1.647988494116950164e+02
8.330000000000000071e+00 1.665346124127349867e+02
8.339999999999999858e+00 1.795689313515445633e+02
8.349999999999999645e+00 1.824723933705536751e+02
8.359999999999999432e+00 1.857757851833183622e+02
8.369999999999999218e+00 1.898900613925061691e+02
8.380000000000000782e+00 1.930600706332319021e+02
8.390000000000000568e+00 1.955243665630973453e+02
8.400000000000000355e+00 1.966039346847529714e+02
8.410000000000000142e+00 1.973936642024319212e+02
8.419999999999999929e+00 1.984739910433940224e+02
8.429999999999999716e+00 2.002814097875518655e+02
8.439999999999999503e+00 2.024130219751574487e+02
8.449999999999999289e+00 2.041398486068453906e+02
8.460000000000000853e+00 2.050172298156583679e+02
8.470000000000000639e+00 2.053140535302698026e+02
8.480000000000000426e+00 2.064261511432242457e+02
8.490000000000000213e+00 2.082202928030931162e+02
8.500000000000000000e+00 2.086945289476404923e+02
8.509999999999999787e+00 2.068900284006294896e+02
8.519999999999999574e+00 2.041619622029388097e+02
8.529999999999999361e+00 2.000255165765962033e+02
8.539999999999999147e+00 1.954019250541149404e+02
8.550000000000000711e+00 1.937986297662365871e+02
8.560000000000000497e+00 1.926450957963240569e+02
8.570000000000000284e+00 1.923736054456566080e+02
8.580000000000000071e+00 1.922345361512782063e+02
8.589999999999999858e+00 1.924026099379744323e+02
8.599999999999999645e+00 1.931776111285970501e+02
8.609999999999999432e+00 1.940066851052008587e+02
8.619999999999999218e+00 1.946721144818359903e+02
8.630000000000000782e+00 1.953898465590256990e+02
8.640000000000000568e+00 1.960347379626730628e+02
8.650000000000000355e+00 1.965594137714268186e+02
8.660000000000000142e+00 1.971142006490554195e+02
8.669999999999999929e+00 1.977046366247517426e+02
8.679999999999999716e+00 1.983415406209156231e+02
8.689999999999999503e+00 1.990120397696353507e+02
8.699999999999999289e+00 1.996616974405186795e+02
8.710000000000000853e+00 2.001328843816706637e+02
8.720000000000000639e+00 2.001248572762247875e+02
8.730000000000000426e+00 1.995404701248011463e+02
8.740000000000000213e+00 1.986337200881486638e+02
8.750000000000000000e+00 1.982238553331730202e+02
8.759999999999999787e+00 1.989496933862542960e+02
8.769999999999999574e+00 2.011452985323991811e+02
8.779999999999999361e+00 2.036586128427010749e+02
8.789999999999999147e+00 2.055401029421018393e+02
8.800000000000000711e+00 2.067016638575671266e+02
8.810000000000000497e+00 2.076156641738087671e+02
8.820000000000000284e+00 2.087676364368498128e+02
8.830000000000000071e+00 2.098211897037576534e+02
8.839999999999999858e+00 2.107824051669414303e+02
8.849999999999999645e+00 2.113521052426747246e+02
8.859999999999999432e+00 2.122125322871142430e+02
8.869999999999999218e+00 2.130760090824402937e+02
8.880000000000000782e+00 2.140148319218771178e+02
8.890000000000000568e+00 2.144239680179685479e+02
8.900000000000000355e+00 2.140537533499922915e+02
8.910000000000000142e+00 2.131637444229077687e+02
8.919999999999999929e+00 2.116972827971171967e+02
8.929999999999999716e+00 2.101823527148022492e+02
8.939999999999999503e+00 2.091504652156222051e+02
8.949999999999999289e+00 2.083071141796411894e+02
8.960000000000000853e+00 2.082142021172936666e+02
8.970000000000000639e+00 2.087831314042483086e+02
8.980000000000000426e+00 2.108395752367192131e+02
8.990000000000000213e+00 2.169834812196725125e+02
9.000000000000000000e+00 2.211734408738641662e+02
9.009999999999999787e+00 2.220648477980790858e+02
9.019999999999999574e+00 2.206770288190265319e+02
9.029999999999999361e+00 2.174342678232354729e+02
9.039999999999999147e+00 2.138057024976909588e+02
9.050000000000000711e+00 2.094500340371250218e+02
9.060000000000000497e+00 2.036065684641924634e+02
9.070000000000000284e+00 1.947528342316398664e+02
9.080000000000000071e+00 1.887988196875821529e+02
9.089999999999999858e+00 1.869052502660515529e+02
9.099999999999999645e+00 1.873561187696374759e+02
9.109999999999999432e+00 1.895505942851985424e+02
9.119999999999999218e+00 1.926441677683782814e+02
9.130000000000000782e+00 1.959134378808274164e+02
9.140000000000000568e+00 1.997702567590347655e+02
9.150000000000000355e+00 2.063187700922194381e+02
9.160000000000000142e+00 2.110683644092685540e+02
9.169999999999999929e+00 2.189430715876298450e+02
9.179999999999999716e+00 2.250124210761155723e+02
9.189999999999999503e+00 2.299944178510897359e+02
9.199999999999999289e+00 2.323919153183139770e+02
9.210000000000000853e+00 2.322414607941701377e+02
9.220000000000000639e+00 2.298356714997575239e+02
9.230000000000000426e+00 2.248987292097765476e+02
9.240000000000000213e+00 2.167960998383091180e+02
9.250000000000000000e+00 2.092972347093826784e+02
9.259999999999999787e+00 2.059368317467118175e+02
9.269999999999999574e+00 2.051316704179198496e+02
9.279999999999999361e+00 2.060034107464662441e+02
9.289999999999999147e+00 2.076928928728137294e+02
9.300000000000000711e+00 2.105838234242236808e+02
9.310000000000000497e+00 2.151705787998243977e+02
9.320000000000000284e+00 2.217152427123711789e+02
9.330000000000000071e+00 2.252670200989200566e+02
9.339999999999999858e+00 2.264320153842328125e+02
9.349999999999999645e+00 2.248757556581483072e+02
9.359999999999999432e+00 2.191216751280812218e+02
9.369999999999999218e+00 2.111752558503803527e+02
9.380000000000000782e+00 0.000000000000000000e+00
9.390000000000000568e+00 1.814617784663184068e+02
9.400000000000000355e+00 1.778475174096951434e+02
9.410000000000000142e+00 1.750429270577685941e+02
9.419999999999999929e+00 1.721594284802657739e+02
9.429999999999999716e+00 1.702008671768454633e+02
9.439999999999999503e+00 1.691882687195126209e+02
9.449999999999999289e+00 1.705985828620180484e+02
9.460000000000000853e+00 1.724085249820074068e+02
9.470000000000000639e+00 1.749245410164845111e+02
9.480000000000000426e+00 1.797590226236316653e+02
9.490000000000000213e+00 1.842801257240880091e+02
9.500000000000000000e+00 1.879605720499282029e+02
9.509999999999999787e+00 1.913990276653232172e+02
9.519999999999999574e+00 1.937388480673187985e+02
9.529999999999999361e+00 1.956392888549598297e+02
9.539999999999999147e+00 1.965489998985069633e+02
9.550000000000000711e+00 1.966776581872303495e+02
9.560000000000000497e+00 1.963739639193350399e+02
9.570000000000000284e+00 1.950805825299502487e+02
9.580000000000000071e+00 1.927233298784764202e+02
9.589999999999999858e+00 1.892155733041486201e+02
9.599999999999999645e+00 1.854443499220715807e+02
9.609999999999999432e+00 1.821629442681131650e+02
9.619999999999999218e+00 1.778293504421133946e+02
9.630000000000000782e+00 1.739762020828722200e+02
9.640000000000000568e+00 1.712586580329961805e+02
9.650000000000000355e+00 1.705663727927876039e+02
9.660000000000000142e+00 1.706029090268567643e+02
9.669999999999999929e+00 1.705814822208738519e+02
9.679999999999999716e+00 1.700049056841999118e+02
9.689999999999999503e+00 1.701578488933876088e+02
9.699999999999999289e+00 1.716947876187455222e+02
9.710000000000000853e+00 1.742484257864865356e+02
9.720000000000000639e+00 1.769737906071163138e+02
9.730000000000000426e+00 1.803412333932199374e+02
9.740000000000000213e+00 1.829728606120275742e+02
9.750000000000000000e+00 1.854547729662021709e+02
9.759999999999999787e+00 1.866031713745360889e+02
9.769999999999999574e+00 1.862658529349810124e+02
9.779999999999999361e+00 1.850643503317343175e+02
9.789999999999999147e+00 1.834150895027890442e+02
9.800000000000000711e+00 1.815073098337700515e+02
9.810000000000000497e+00 1.798088540310934604e+02
9.820000000000000284e+00 1.787960446748446941e+02
9.830000000000000071e+00 1.788899688863111521e+02
9.839999999999999858e+00 1.795312624593647399e+02
9.849999999999999645e+00 1.803465434450809539e+02
9.859999999999999432e+00 1.808433708443528189e+02
9.869999999999999218e+00 1.811805717157574236e+02
9.880000000000000782e+00 1.815071369033072415e+02
9.890000000000000568e+00 1.815887279911219707e+02
9.900000000000000355e+00 1.811233386465071078e+02
9.910000000000000142e+00 1.801348624785777588e+02
9.919999999999999929e+00 1.786955150197940725e+02
9.929999999999999716e+00 1.762834441908319150e+02
9.939999999999999503e+00 1.727227606432615232e+02
9.949999999999999289e+00 1.668513862224082800e+02
9.960000000000000853e+00 1.584608192126038091e+02
9.970000000000000639e+00 1.520295492610020744e+02
9.980000000000000426e+00 1.439953122999051232e+02
9.990000000000000213e+00 1.397293373030688599e+02
1.000000000000000000e+01 1.374308141839109112e+02
1.000999999999999979e+01 1.358272693691841368e+02
1.001999999999999957e+01 1.336475029686770597e+02
1.002999999999999936e+01 1.309784252465103123e+02
1.003999999999999915e+01 1.308083733667174329e+02
1.005000000000000071e+01 0.000000000000000000e+00
1.006000000000000050e+01 0.000000000000000000e+00
1.007000000000000028e+01 0.000000000000000000e+00
1.008000000000000007e+01 0.000000000000000000e+00
1.008999999999999986e+01 0.000000000000000000e+00
1.009999999999999964e+01 0.000000000000000000e+00
1.010999999999999943e+01 0.000000000000000000e+00
1.011999999999999922e+01 0.000000000000000000e+00
1.013000000000000078e+01 1.609959650003180798e+02
1.014000000000000057e+01 1.580250768394195120e+02
1.015000000000000036e+01 0.000000000000000000e+00
1.016000000000000014e+01 1.496524739211715769e+02
1.016999999999999993e+01 0.000000000000000000e+00
1.017999999999999972e+01 0.000000000000000000e+00
1.018999999999999950e+01 0.000000000000000000e+00
1.019999999999999929e+01 0.000000000000000000e+00
1.021000000000000085e+01 0.000000000000000000e+00
1.022000000000000064e+01 0.000000000000000000e+00
1.023000000000000043e+01 0.000000000000000000e+00
1.024000000000000021e+01 0.000000000000000000e+00
1.025000000000000000e+01 0.000000000000000000e+00
1.025999999999999979e+01 0.000000000000000000e+00
1.026999999999999957e+01 0.000000000000000000e+00
1.027999999999999936e+01 0.000000000000000000e+00
1.028999999999999915e+01 0.000000000000000000e+00
1.030000000000000071e+01 0.000000000000000000e+00
1.031000000000000050e+01 0.000000000000000000e+00
1.032000000000000028e+01 0.000000000000000000e+00
1.033000000000000007e+01 0.000000000000000000e+00
1.033999999999999986e+01 0.000000000000000000e+00
1.034999999999999964e+01 0.000000000000000000e+00
1.035999999999999943e+01 0.000000000000000000e+00
1.036999999999999922e+01 0.000000000000000000e+00
1.038000000000000078e+01 0.000000000000000000e+00
1.039000000000000057e+01 0.000000000000000000e+00
1.040000000000000036e+01 0.000000000000000000e+00
1.041000000000000014e+01 0.000000000000000000e+00
1.041999999999999993e+01 0.000000000000000000e+00
1.042999999999999972e+01 0.000000000000000000e+00
1.043999999999999950e+01 0.000000000000000000e+00
1.044999999999999929e+01 0.000000000000000000e+00
1.046000000000000085e+01 0.000000000000000000e+00
1.047000000000000064e+01 0.000000000000000000e+00
1.048000000000000043e+01 1.443471947382634255e+02
1.049000000000000021e+01 1.456751893672006588e+02
1.050000000000000000e+01 1.479390036617864723e+02
1.050999999999999979e+01 1.520514246069384399e+02
1.051999999999999957e+01 1.565193186071335276e+02
1.052999999999999936e+01 1.630485011765991885e+02
1.053999999999999915e+01 1.679975960035701519e+02
1.055000000000000071e+01 1.733563635823354048e+02
1.056000000000000050e+01 1.781700524815305471e+02
1.057000000000000028e+01 1.837263265841574480e+02
1.058000000000000007e+01 1.877167496769634454e+02
1.058999999999999986e+01 1.910842062249297157e+02
1.059999999999999964e+01 1.927019194475881250e+02
1.060999999999999943e+01 1.934322963832772189e+02
1.061999999999999922e+01 1.939912989467232762e+02
1.063000000000000078e+01 1.955339035338644749e+02
1.064000000000000057e+01 1.976405819003631166e+02
1.065000000000000036e+01 1.978269155407044764e+02
1.066000000000000014e+01 1.965089553453966857e+02
1.066999999999999993e+01 1.942636894365028297e+02
1.067999999999999972e+01 1.908591170295675283e+02
1.068999999999999950e+01 1.870470326306154902e+02
1.069999999999999929e+01 1.832781113507249700e+02
1.071000000000000085e+01 1.783198766807576590e+02
1.072000000000000064e+01 1.701957544554961714e+02
1.073000000000000043e+01 1.659504110226024238e+02
1.074000000000000021e+01 1.658632991463235271e+02
1.075000000000000000e+01 1.686912308135166541e+02
1.075999999999999979e+01 1.718779985363836715e+02
1.076999999999999957e+01 1.735202002346170502e+02
1.077999999999999936e+01 1.743031398720264917e+02
1.078999999999999915e+01 1.742405446819831241e+02
1.080000000000000071e+01 1.739267191312355862e+02
1.081000000000000050e+01 1.739567295063447432e+02
1.082000000000000028e+01 1.749634933499163481e+02
1.083000000000000007e+01 1.771228702382776987e+02
1.083999999999999986e+01 1.794625973154488463e+02
1.084999999999999964e+01 1.810079718158339972e+02
1.085999999999999943e+01 1.822245858709921436e+02
1.086999999999999922e+01 1.832020042962737421e+02
1.088000000000000078e+01 1.837419147905363843e+02
1.089000000000000057e+01 1.841165872406069752e+02
1.090000000000000036e+01 1.848609045428923991e+02
1.091000000000000014e+01 1.858386182268039022e+02
1.091999999999999993e+01 1.868515170798524423e+02
1.092999999999999972e+01 1.875517697353504616e+02
1.093999999999999950e+01 1.881591241160100196e+02
1.094999999999999929e+01 1.880607740236623897e+02
1.096000000000000085e+01 1.876405080354548431e+02
1.097000000000000064e+01 1.869940910527729727e+02
1.098000000000000043e+01 1.863664162843719225e+02
1.099000000000000021e+01 1.864922966932921895e+02
1.100000000000000000e+01 1.872660151815247502e+02
1.100999999999999979e+01 1.889488453001146127e+02
1.101999999999999957e+01 1.907742562573217526e+02
1.102999999999999936e+01 1.914465116372390412e+02
1.103999999999999915e+01 1.913386978903476177e+02
1.105000000000000071e+01 1.908124428922289155e+02
1.106000000000000050e+01 1.906257351033001157e+02
1.107000000000000028e+01 1.912896304034919410e+02
1.108000000000000007e+01 1.924197091670735631e+02
1.108999999999999986e+01 1.938303194152635172e+02
1.109999999999999964e+01 1.953574509812090128e+02
1.110999999999999943e+01 1.960881489524617223e+02
1.111999999999999922e+01 1.962377325169359779e+02
1.113000000000000078e+01 1.952587858406738519e+02
1.114000000000000057e+01 1.916576053062863139e+02
1.115000000000000036e+01 1.867848143396928151e+02
1.116000000000000014e+01 1.841083909810678847e+02
1.116999999999999993e+01 1.895416316002804251e+02
1.117999999999999972e+01 1.921948319176815403e+02
1.118999999999999950e+01 1.936327784167296784e+02
1.119999999999999929e+01 1.941540778134585992e+02
1.121000000000000085e+01 1.938666981508968092e+02
1.122000000000000064e+01 1.929360167560835748e+02
1.123000000000000043e+01 1.910948633194369677e+02
1.124000000000000021e+01 1.895251745694641841e+02
1.125000000000000000e+01 1.899705267225928083e+02
1.125999999999999979e+01 1.911993057039830717e+02
1.126999999999999957e+01 1.911080871598710189e+02
1.127999999999999936e+01 1.903103134709531901e+02
1.128999999999999915e+01 1.881920695989556407e+02
1.130000000000000071e+01 1.860231406140050581e+02
1.131000000000000050e+01 1.841251008485772616e+02
1.132000000000000028e+01 1.812001018993139212e+02
1.133000000000000007e+01 1.775193477549182717e+02
1.133999999999999986e+01 1.760858308141974931e+02
1.134999999999999964e+01 1.780218222657501883e+02
1.135999999999999943e+01 1.817521305316858786e+02
1.136999999999999922e+01 1.843883359728140192e+02
1.138000000000000078e+01 1.859697783740299997e+02
1.139000000000000057e+01 1.861678113824694947e+02
1.140000000000000036e+01 1.858660680331877870e+02
1.141000000000000014e+01 1.851175681850703825e+02
1.141999999999999993e+01 1.840527627203900636e+02
1.142999999999999972e+01 1.827044694656765671e+02
1.143999999999999950e+01 1.813975277744336552e+02
1.144999999999999929e+01 1.813482836832859562e+02
1.146000000000000085e+01 1.825233472518909821e+02
1.147000000000000064e+01 1.850840699180964180e+02
1.148000000000000043e+01 1.888701492947260476e+02
1.149000000000000021e+01 1.921546927976159225e+02
1.150000000000000000e+01 1.941799675532473657e+02
1.150999999999999979e+01 1.948317739445784582e+02
1.151999999999999957e+01 1.950342133236386530e+02
1.152999999999999936e+01 1.957913978022291701e+02
1.153999999999999915e+01 1.970967686813297632e+02
1.155000000000000071e+01 1.992945410271510127e+02
1.156000000000000050e+01 2.025559849005587125e+02
1.157000000000000028e+01 2.040766498104482594e+02
1.158000000000000007e+01 2.035285593311523371e+02
1.158999999999999986e+01 2.014397275056803949e+02
1.159999999999999964e+01 1.978989277594976102e+02
1.160999999999999943e+01 1.938117231924572366e+02
1.161999999999999922e+01 1.906494405447822089e+02
1.163000000000000078e+01 1.891469633874548890e+02
1.164000000000000057e+01 1.894205858658756085e+02
1.165000000000000036e+01 1.910349796015611616e+02
1.166000000000000014e+01 1.925353886558892782e+02
1.166999999999999993e+01 1.936914165570200907e+02
1.167999999999999972e+01 1.933329259213830369e+02
1.168999999999999950e+01 1.909296626202676350e+02
1.169999999999999929e+01 1.891450221689425462e+02
1.171000000000000085e+01 1.923612962013116316e+02
1.172000000000000064e+01 1.948240213742780043e+02
1.173000000000000043e+01 1.960222537699567908e+02
1.174000000000000021e+01 1.963753273495444773e+02
1.175000000000000000e+01 1.967078238478590890e+02
1.175999999999999979e+01 1.976139429918507346e+02
1.176999999999999957e+01 1.993077428143543273e+02
1.177999999999999936e+01 2.003778615545955404e+02
1.178999999999999915e+01 2.006319651351591631e+02
1.180000000000000071e+01 2.002756306574949292e+02
1.181000000000000050e+01 1.990922644581698933e+02
1.182000000000000028e+01 1.969435460024897111e+02
1.183000000000000007e+01 1.947934854441950279e+02
1.183999999999999986e+01 1.915170236216056026e+02
1.184999999999999964e+01 1.868874165577059614e+02
1.185999999999999943e+01 1.818229398491310462e+02
1.186999999999999922e+01 1.735781458952505147e+02
1.188000000000000078e+01 1.709993292810909224e+02
1.189000000000000057e+01 1.708496899932731026e+02
1.190000000000000036e+01 1.716499511504541431e+02
1.191000000000000014e+01 1.726205612363790181e+02
1.191999999999999993e+01 1.735830422537475783e+02
1.192999999999999972e+01 1.744009035865509816e+02
1.193999999999999950e+01 1.755983118502526281e+02
1.194999999999999929e+01 1.784177555216917028e+02
1.196000000000000085e+01 1.806966611686725628e+02
1.197000000000000064e+01 1.829380656502677880e+02
1.198000000000000043e+01 1.843366336776354331e+02
1.199000000000000021e+01 1.851388863898607156e+02
1.200000000000000000e+01 1.854519405558237111e+02
1.200999999999999979e+01 1.855927657310322729e+02
1.201999999999999957e+01 1.855513667237625555e+02
1.202999999999999936e+01 1.855658509109254055e+02
1.203999999999999915e+01 1.855386164993227567e+02
1.205000000000000071e+01 1.853159261961968127e+02
1.206000000000000050e+01 1.857159410697186672e+02
1.207000000000000028e+01 1.866494004465548642e+02
1.208000000000000007e+01 1.887625346723091297e+02
1.208999999999999986e+01 1.917699039273719848e+02
1.209999999999999964e+01 1.944305944873839564e+02
1.210999999999999943e+01 1.960701713552338674e+02
1.211999999999999922e+01 1.964613713745723089e+02
1.213000000000000078e+01 1.967503236828754893e+02
1.214000000000000057e+01 1.972579707100890971e+02
1.215000000000000036e+01 1.979662373714884325e+02
1.216000000000000014e+01 1.988313504433696437e+02
1.216999999999999993e+01 1.995201132246496911e+02
1.217999999999999972e+01 2.001341855726344647e+02
1.218999999999999950e+01 2.003989572217966497e+02
1.219999999999999929e+01 1.999715240190900545e+02
1.221000000000000085e+01 1.985159548324181742e+02
1.222000000000000064e+01 1.959630107420439344e+02
1.223000000000000043e+01 1.926046155069875567e+02
1.224000000000000021e+01 1.882051707505746379e+02
1.225000000000000000e+01 1.829935973075149320e+02
1.225999999999999979e+01 1.782438491530737394e+02
1.226999999999999957e+01 1.766841324689054034e+02
1.227999999999999936e+01 1.770727874586516464e+02
1.228999999999999915e+01 1.792494383175790347e+02
1.230000000000000071e+01 1.820122094032933830e+02
1.231000000000000050e+01 1.846657929994580343e+02
1.232000000000000028e+01 1.875205725289948191e+02
1.233000000000000007e+01 1.935324458852812199e+02
1.233999999999999986e+01 1.963459904016673363e+02
1.234999999999999964e+01 1.958631445493871865e+02
1.235999999999999943e+01 1.928152115987369086e+02
1.236999999999999922e+01 1.889161377220937652e+02
1.238000000000000078e+01 1.850304019876830921e+02
1.239000000000000057e+01 1.819076616459098261e+02
1.240000000000000036e+01 1.810545889074791432e+02
1.241000000000000014e+01 1.826385915576144896e+02
1.241999999999999993e+01 1.860648232226605501e+02
1.242999999999999972e+01 1.949566731741713284e+02
1.243999999999999950e+01 2.039363795310924274e+02
1.244999999999999929e+01 2.137687142636749513e+02
1.246000000000000085e+01 2.198908188277647184e+02
1.247000000000000064e+01 2.198104983886194645e+02
1.248000000000000043e+01 2.165551046488293707e+02
1.249000000000000021e+01 2.106670635598477759e+02
1.250000000000000000e+01 0.000000000000000000e+00
1.250999999999999979e+01 1.888547719539292302e+02
1.251999999999999957e+01 1.834456882357044094e+02
1.252999999999999936e+01 1.800105379154300635e+02
1.253999999999999915e+01 1.796250973732688010e+02
1.255000000000000071e+01 1.818839081258718409e+02
1.256000000000000050e+01 1.865952507132941491e+02
1.257000000000000028e+01 1.964039085614231794e+02
1.258000000000000007e+01 2.065664105290236421e+02
1.258999999999999986e+01 2.112998045592945857e+02
1.259999999999999964e+01 2.137104232219918458e+02
1.260999999999999943e+01 2.128611956941338121e+02
1.261999999999999922e+01 2.088896826446982402e+02
1.263000000000000078e+01 0.000000000000000000e+00
1.264000000000000057e+01 1.888184063624990472e+02
1.265000000000000036e+01 1.829479068037065304e+02
1.266000000000000014e+01 1.804344623234943583e+02
1.266999999999999993e+01 1.809437019983519690e+02
1.267999999999999972e+01 1.841408874800987121e+02
1.268999999999999950e+01 1.898153283870877601e+02
1.269999999999999929e+01 1.963866495528674250e+02
1.271000000000000085e+01 2.012744790039595273e+02
1.272000000000000064e+01 2.045174376650187469e+02
1.273000000000000043e+01 2.043152849426009539e+02
1.274000000000000021e+01 2.019171822540610606e+02
1.275000000000000000e+01 0.000000000000000000e+00
1.275999999999999979e+01 0.000000000000000000e+00
1.276999999999999957e+01 0.000000000000000000e+00
1.277999999999999936e+01 0.000000000000000000e+00
1.278999999999999915e+01 0.000000000000000000e+00
1.280000000000000071e+01 0.000000000000000000e+00
1.281000000000000050e+01 0.000000000000000000e+00
1.282000000000000028e+01 0.000000000000000000e+00
1.283000000000000007e+01 0.000000000000000000e+00
1.283999999999999986e+01 0.000000000000000000e+00
1.284999999999999964e+01 0.000000000000000000e+00
1.285999999999999943e+01 0.000000000000000000e+00
1.286999999999999922e+01 0.000000000000000000e+00
1.288000000000000078e+01 0.000000000000000000e+00
1.289000000000000057e+01 8.064375750553745092e+01
1.290000000000000036e+01 0.000000000000000000e+00
1.291000000000000014e+01 0.000000000000000000e+00
1.291999999999999993e+01 0.000000000000000000e+00
1.292999999999999972e+01 0.000000000000000000e+00
1.293999999999999950e+01 0.000000000000000000e+00
1.294999999999999929e+01 0.000000000000000000e+00
1.296000000000000085e+01 0.000000000000000000e+00
1.297000000000000064e+01 0.000000000000000000e+00
1.298000000000000043e+01 0.000000000000000000e+00
1.299000000000000021e+01 0.000000000000000000e+00
1.300000000000000000e+01 0.000000000000000000e+00
1.300999999999999979e+01 0.000000000000000000e+00
1.301999999999999957e+01 0.000000000000000000e+00
1.302999999999999936e+01 0.000000000000000000e+00
1.303999999999999915e+01 0.000000000000000000e+00
1.305000000000000071e+01 0.000000000000000000e+00
1.306000000000000050e+01 0.000000000000000000e+00
1.307000000000000028e+01 0.000000000000000000e+00
1.308000000000000007e+01 0.000000000000000000e+00
1.308999999999999986e+01 0.000000000000000000e+00
