0.000000000000000000e+00 0.000000000000000000e+00
1.000000000000000021e-02 0.000000000000000000e+00
2.000000000000000042e-02 0.000000000000000000e+00
2.999999999999999889e-02 0.000000000000000000e+00
4.000000000000000083e-02 0.000000000000000000e+00
5.000000000000000278e-02 0.000000000000000000e+00
5.999999999999999778e-02 0.000000000000000000e+00
7.000000000000000666e-02 0.000000000000000000e+00
8.000000000000000167e-02 0.000000000000000000e+00
8.999999999999999667e-02 0.000000000000000000e+00
1.000000000000000056e-01 0.000000000000000000e+00
1.100000000000000006e-01 0.000000000000000000e+00
1.199999999999999956e-01 0.000000000000000000e+00
1.300000000000000044e-01 0.000000000000000000e+00
1.400000000000000133e-01 0.000000000000000000e+00
1.499999999999999944e-01 0.000000000000000000e+00
1.600000000000000033e-01 3.223222667658590126e+02
1.700000000000000122e-01 3.223898911238968594e+02
1.799999999999999933e-01 3.261145061014068460e+02
1.900000000000000022e-01 3.346986913200922231e+02
2.000000000000000111e-01 3.470014713932265522e+02
2.099999999999999922e-01 3.585713472117672609e+02
2.200000000000000011e-01 3.693694169898747077e+02
2.300000000000000100e-01 3.773692118139263130e+02
2.399999999999999911e-01 3.833080731574376614e+02
2.500000000000000000e-01 3.956501877998576902e+02
2.600000000000000089e-01 4.000957536219066810e+02
2.700000000000000178e-01 4.008968633775794501e+02
2.800000000000000266e-01 4.016927810047445746e+02
2.899999999999999800e-01 4.034909881589067027e+02
2.999999999999999889e-01 4.068312485609858413e+02
3.099999999999999978e-01 4.129009494623976479e+02
3.200000000000000067e-01 4.206379184413711982e+02
3.300000000000000155e-01 4.285373602456733124e+02
3.400000000000000244e-01 4.344428115510926318e+02
3.499999999999999778e-01 4.388614513338731626e+02
3.599999999999999867e-01 4.414258469305796098e+02
3.699999999999999956e-01 4.442137201607386032e+02
3.800000000000000044e-01 4.491615608475503905e+02
3.900000000000000133e-01 4.563461679101885125e+02
4.000000000000000222e-01 4.623083388290231710e+02
4.099999999999999756e-01 4.673998331980875491e+02
4.199999999999999845e-01 4.725551385096306376e+02
4.299999999999999933e-01 4.834340608269744166e+02
4.400000000000000022e-01 4.931137903744265714e+02
4.500000000000000111e-01 4.983497806996535928e+02
4.600000000000000200e-01 5.022504843724468060e+02
4.699999999999999734e-01 5.055315079973001389e+02
4.799999999999999822e-01 5.054584093798790718e+02
4.899999999999999911e-01 5.051514011154927175e+02
5.000000000000000000e-01 5.058149059631779210e+02
5.100000000000000089e-01 5.058429616058913325e+02
5.200000000000000178e-01 5.046690005477624936e+02
5.300000000000000266e-01 5.031336695803678936e+02
5.400000000000000355e-01 5.021796958014596157e+02
5.500000000000000444e-01 5.021683789463463654e+02
5.600000000000000533e-01 5.032143003945393502e+02
5.699999999999999512e-01 5.043524424500244550e+02
5.799999999999999600e-01 5.042085498184972039e+02
5.899999999999999689e-01 5.034096363998336301e+02
5.999999999999999778e-01 5.023611534589223311e+02
6.099999999999999867e-01 5.011836316763465220e+02
6.199999999999999956e-01 5.006244552155401948e+02
6.300000000000000044e-01 5.024540377880239248e+02
6.400000000000000133e-01 5.064313664389288761e+02
6.500000000000000222e-01 5.104020286119685466e+02
6.600000000000000311e-01 5.133434088523777064e+02
6.700000000000000400e-01 5.159003844740783506e+02
6.800000000000000488e-01 5.183049061079608464e+02
6.899999999999999467e-01 5.201143331362583240e+02
6.999999999999999556e-01 5.206581551905727565e+02
7.099999999999999645e-01 5.209212795495759565e+02
7.199999999999999734e-01 5.211428933660384928e+02
7.299999999999999822e-01 5.215818678577708170e+02
7.399999999999999911e-01 5.219255330612935495e+02
7.500000000000000000e-01 5.217333755474571717e+02
7.600000000000000089e-01 5.206681191875720742e+02
7.700000000000000178e-01 5.171914577329245049e+02
7.800000000000000266e-01 5.145130840093756888e+02
7.900000000000000355e-01 5.129823289138488462e+02
8.000000000000000444e-01 5.115944234402957704e+02
8.100000000000000533e-01 5.086371483461496155e+02
8.199999999999999512e-01 5.050031156152396647e+02
8.299999999999999600e-01 5.030747112638480303e+02
8.399999999999999689e-01 5.003346882966520184e+02
8.499999999999999778e-01 4.951591913760652233e+02
8.599999999999999867e-01 4.913395431217133478e+02
8.699999999999999956e-01 4.900652812207705438e+02
8.800000000000000044e-01 4.900292448144056152e+02
8.900000000000000133e-01 4.913315831975667152e+02
9.000000000000000222e-01 4.937213833683038047e+02
9.100000000000000311e-01 4.967212966391912801e+02
9.200000000000000400e-01 4.992653425555976128e+02
9.300000000000000488e-01 5.007439732558037235e+02
9.399999999999999467e-01 5.028280562687890551e+02
9.499999999999999556e-01 5.071219478420095470e+02
9.599999999999999645e-01 5.100369534797169990e+02
9.699999999999999734e-01 5.110771555675657964e+02
9.799999999999999822e-01 5.124328334499673474e+02
9.899999999999999911e-01 5.136994814120282626e+02
1.000000000000000000e+00 5.130446058289477378e+02
1.010000000000000009e+00 5.115475270883110284e+02
1.020000000000000018e+00 5.093181831330668956e+02
1.030000000000000027e+00 5.053118565399317959e+02
1.040000000000000036e+00 5.027810718942572521e+02
1.050000000000000044e+00 5.025225422402543245e+02
1.060000000000000053e+00 5.047903654094700414e+02
1.070000000000000062e+00 5.081855744423254464e+02
1.080000000000000071e+00 5.107416970047081008e+02
1.090000000000000080e+00 5.119852709026478124e+02
1.100000000000000089e+00 5.128624785981446621e+02
1.110000000000000098e+00 5.133077912957473927e+02
1.120000000000000107e+00 5.132112715414019704e+02
1.129999999999999893e+00 5.137520965313671013e+02
1.139999999999999902e+00 5.147555577206078397e+02
1.149999999999999911e+00 5.155766019984018840e+02
1.159999999999999920e+00 5.179375872905081906e+02
1.169999999999999929e+00 5.214691996425154912e+02
1.179999999999999938e+00 5.241486459829005753e+02
1.189999999999999947e+00 5.258990615589746085e+02
1.199999999999999956e+00 5.260365566305393941e+02
1.209999999999999964e+00 5.227130998913041822e+02
1.219999999999999973e+00 5.160581805430397253e+02
1.229999999999999982e+00 4.999524601591595001e+02
1.239999999999999991e+00 4.890908940552510558e+02
1.250000000000000000e+00 0.000000000000000000e+00
1.260000000000000009e+00 0.000000000000000000e+00
1.270000000000000018e+00 0.000000000000000000e+00
1.280000000000000027e+00 0.000000000000000000e+00
1.290000000000000036e+00 0.000000000000000000e+00
1.300000000000000044e+00 0.000000000000000000e+00
1.310000000000000053e+00 0.000000000000000000e+00
1.320000000000000062e+00 4.470514005314313408e+02
1.330000000000000071e+00 4.398770787192611920e+02
1.340000000000000080e+00 4.330024415104624040e+02
1.350000000000000089e+00 4.272343842849372777e+02
1.360000000000000098e+00 4.141018832780717958e+02
1.370000000000000107e+00 4.026496297099614594e+02
1.379999999999999893e+00 3.965217922041494489e+02
1.389999999999999902e+00 3.947530641876277286e+02
1.399999999999999911e+00 3.942242320234436193e+02
1.409999999999999920e+00 3.936378365824356820e+02
1.419999999999999929e+00 3.932641145659874837e+02
1.429999999999999938e+00 3.932974320978173068e+02
1.439999999999999947e+00 3.937307943646225112e+02
1.449999999999999956e+00 3.946093282808192839e+02
1.459999999999999964e+00 3.951130887224938988e+02
1.469999999999999973e+00 3.945156761724654189e+02
1.479999999999999982e+00 3.930340379289734187e+02
1.489999999999999991e+00 3.940890083964799828e+02
1.500000000000000000e+00 0.000000000000000000e+00
1.510000000000000009e+00 4.128945972866001171e+02
1.520000000000000018e+00 4.120167345626568931e+02
1.530000000000000027e+00 3.987308213311939653e+02
1.540000000000000036e+00 3.939760078187480872e+02
1.550000000000000044e+00 0.000000000000000000e+00
1.560000000000000053e+00 0.000000000000000000e+00
1.570000000000000062e+00 0.000000000000000000e+00
1.580000000000000071e+00 0.000000000000000000e+00
1.590000000000000080e+00 3.965533446095892032e+02
1.600000000000000089e+00 3.936286513054304805e+02
1.610000000000000098e+00 3.925792964930997186e+02
1.620000000000000107e+00 3.919842207265119782e+02
1.629999999999999893e+00 3.922063194913996540e+02
1.639999999999999902e+00 3.917626191815406287e+02
1.649999999999999911e+00 3.901254247239787674e+02
1.659999999999999920e+00 3.864520788863394500e+02
1.669999999999999929e+00 3.823762719722243446e+02
1.679999999999999938e+00 3.792381578372238664e+02
1.689999999999999947e+00 3.766642777218686433e+02
1.699999999999999956e+00 3.746313748538610753e+02
1.709999999999999964e+00 3.734398720882080056e+02
1.719999999999999973e+00 3.735399685652878361e+02
1.729999999999999982e+00 3.750309886832100119e+02
1.739999999999999991e+00 3.772211424537543962e+02
1.750000000000000000e+00 3.798433352087865842e+02
1.760000000000000009e+00 3.820454719538860218e+02
1.770000000000000018e+00 3.843972892417073126e+02
1.780000000000000027e+00 3.863641827348592415e+02
1.790000000000000036e+00 3.875988965163628563e+02
1.800000000000000044e+00 3.880528541804213205e+02
1.810000000000000053e+00 3.859379097135225720e+02
1.820000000000000062e+00 3.814075858572080051e+02
1.830000000000000071e+00 3.781613220279502912e+02
1.840000000000000080e+00 3.757272829390200855e+02
1.850000000000000089e+00 3.719027552470273577e+02
1.860000000000000098e+00 3.717599721254231326e+02
1.870000000000000107e+00 3.732735726892603907e+02
1.879999999999999893e+00 3.721956253193473572e+02
1.889999999999999902e+00 3.636122217206299183e+02
1.899999999999999911e+00 3.578992003018880155e+02
1.909999999999999920e+00 3.531325286286464689e+02
1.919999999999999929e+00 3.475285992629475231e+02
1.929999999999999938e+00 3.345504420407446560e+02
1.939999999999999947e+00 3.343877432884226550e+02
1.949999999999999956e+00 3.350771671217410130e+02
1.959999999999999964e+00 3.340267017490600665e+02
1.969999999999999973e+00 3.348632308816879686e+02
1.979999999999999982e+00 3.363462498663091651e+02
1.989999999999999991e+00 3.340086595252844859e+02
2.000000000000000000e+00 3.311404015375018162e+02
2.009999999999999787e+00 3.299666645814986055e+02
2.020000000000000018e+00 3.300239656188851995e+02
2.029999999999999805e+00 3.302406580846067641e+02
2.040000000000000036e+00 3.299488754249836120e+02
2.049999999999999822e+00 3.297794934976858485e+02
2.060000000000000053e+00 3.293594481443431050e+02
2.069999999999999840e+00 3.288743227383574208e+02
2.080000000000000071e+00 3.277778797431190014e+02
2.089999999999999858e+00 3.271060595569696829e+02
2.100000000000000089e+00 3.266976591803246492e+02
2.109999999999999876e+00 3.264878445310719712e+02
2.120000000000000107e+00 3.260228685795542560e+02
2.129999999999999893e+00 3.264557383328785818e+02
2.140000000000000124e+00 3.280211061342000676e+02
2.149999999999999911e+00 3.290201116644359445e+02
2.160000000000000142e+00 3.298396469977358265e+02
2.169999999999999929e+00 3.303005817395884378e+02
2.180000000000000160e+00 3.312236220250681527e+02
2.189999999999999947e+00 3.321048447430828219e+02
2.200000000000000178e+00 3.327035541742976648e+02
2.209999999999999964e+00 3.328597567926077545e+02
2.220000000000000195e+00 3.322072206909445526e+02
2.229999999999999982e+00 3.309500263438903858e+02
2.240000000000000213e+00 3.297497781222911044e+02
2.250000000000000000e+00 3.289527667157920519e+02
2.259999999999999787e+00 3.286129474686149479e+02
2.270000000000000018e+00 3.291637420973071926e+02
2.279999999999999805e+00 3.295782959633598352e+02
2.290000000000000036e+00 3.288511793542755299e+02
2.299999999999999822e+00 3.274643847150646252e+02
2.310000000000000053e+00 3.261606720172269434e+02
2.319999999999999840e+00 3.258492612960656061e+02
2.330000000000000071e+00 3.261703637698769285e+02
2.339999999999999858e+00 3.270125998140460410e+02
2.350000000000000089e+00 3.286245111032575323e+02
2.359999999999999876e+00 3.301162715261511948e+02
2.370000000000000107e+00 3.311068157582744789e+02
2.379999999999999893e+00 3.317427073203626833e+02
2.390000000000000124e+00 3.327817217911982084e+02
2.399999999999999911e+00 3.333122468447033953e+02
2.410000000000000142e+00 3.326775080149954533e+02
2.419999999999999929e+00 3.306377682770686306e+02
2.430000000000000160e+00 3.285543928562208862e+02
2.439999999999999947e+00 3.291861199623355674e+02
2.450000000000000178e+00 3.331403629513266083e+02
2.459999999999999964e+00 3.413584515303537046e+02
2.470000000000000195e+00 3.462784690177425659e+02
2.479999999999999982e+00 3.492768988669151895e+02
2.490000000000000213e+00 3.521794045377170050e+02
2.500000000000000000e+00 3.558025395355916771e+02
2.509999999999999787e+00 3.591009202884530396e+02
2.520000000000000018e+00 3.621887079462058523e+02
2.529999999999999805e+00 3.649423914508682287e+02
2.540000000000000036e+00 3.672947137462282399e+02
2.549999999999999822e+00 3.684006264111618520e+02
2.560000000000000053e+00 3.691561974684582879e+02
2.569999999999999840e+00 3.699673641013223460e+02
2.580000000000000071e+00 3.714900698993874926e+02
2.589999999999999858e+00 3.728101190781036394e+02
2.600000000000000089e+00 3.737822364658919696e+02
2.609999999999999876e+00 3.745569047728004080e+02
2.620000000000000107e+00 3.752542371796554335e+02
2.629999999999999893e+00 3.775207460374877542e+02
2.640000000000000124e+00 3.825008713106715277e+02
2.649999999999999911e+00 3.868951296368941826e+02
2.660000000000000142e+00 3.895569957887826718e+02
2.669999999999999929e+00 3.908608654944416685e+02
2.680000000000000160e+00 3.916957529743422697e+02
2.689999999999999947e+00 3.921200217708752120e+02
2.700000000000000178e+00 3.922997191993227943e+02
2.709999999999999964e+00 3.925192552197347595e+02
2.720000000000000195e+00 3.936995859841276797e+02
2.729999999999999982e+00 3.955511408723997420e+02
2.740000000000000213e+00 3.966651855018649258e+02
2.750000000000000000e+00 3.965692125099387795e+02
2.759999999999999787e+00 3.953404515773357275e+02
2.770000000000000018e+00 3.936351871060945768e+02
2.779999999999999805e+00 3.923579181597740444e+02
2.790000000000000036e+00 3.910600092458312815e+02
2.799999999999999822e+00 3.892114940967576331e+02
2.810000000000000053e+00 3.866038630685781641e+02
2.819999999999999840e+00 3.847878638250389827e+02
2.830000000000000071e+00 3.848375287478900191e+02
2.839999999999999858e+00 3.865954352519725603e+02
2.850000000000000089e+00 3.892735323333534438e+02
2.859999999999999876e+00 3.907140305559417470e+02
2.870000000000000107e+00 3.913367661456031783e+02
2.879999999999999893e+00 3.913806998460795512e+02
2.890000000000000124e+00 3.918896210550063870e+02
2.899999999999999911e+00 3.939505919525357172e+02
2.910000000000000142e+00 3.979872460601771422e+02
2.919999999999999929e+00 4.020262998122906311e+02
2.930000000000000160e+00 4.054103154468938328e+02
2.939999999999999947e+00 4.070698224867303452e+02
2.950000000000000178e+00 4.078341701285055478e+02
2.959999999999999964e+00 4.099243214723497317e+02
2.970000000000000195e+00 4.135802654743318385e+02
2.979999999999999982e+00 4.167376253525885090e+02
2.990000000000000213e+00 4.196527940977636035e+02
3.000000000000000000e+00 4.209883413032212047e+02
3.009999999999999787e+00 4.212569577843289608e+02
3.020000000000000018e+00 4.213161838152273049e+02
3.029999999999999805e+00 4.225366414305638045e+02
3.040000000000000036e+00 4.247341352782671038e+02
3.049999999999999822e+00 4.258692550341071978e+02
3.060000000000000053e+00 4.252318545046314284e+02
3.069999999999999840e+00 4.233341380907989446e+02
3.080000000000000071e+00 4.196945960158951152e+02
3.089999999999999858e+00 4.158905341657239205e+02
3.100000000000000089e+00 4.148625958339763429e+02
3.109999999999999876e+00 4.129859218078779577e+02
3.120000000000000107e+00 0.000000000000000000e+00
3.129999999999999893e+00 0.000000000000000000e+00
3.140000000000000124e+00 0.000000000000000000e+00
3.149999999999999911e+00 0.000000000000000000e+00
3.160000000000000142e+00 0.000000000000000000e+00
3.169999999999999929e+00 0.000000000000000000e+00
3.180000000000000160e+00 0.000000000000000000e+00
3.189999999999999947e+00 0.000000000000000000e+00
3.200000000000000178e+00 0.000000000000000000e+00
3.209999999999999964e+00 0.000000000000000000e+00
3.220000000000000195e+00 0.000000000000000000e+00
3.229999999999999982e+00 0.000000000000000000e+00
3.240000000000000213e+00 0.000000000000000000e+00
3.250000000000000000e+00 0.000000000000000000e+00
3.259999999999999787e+00 0.000000000000000000e+00
3.270000000000000018e+00 0.000000000000000000e+00
3.279999999999999805e+00 0.000000000000000000e+00
3.290000000000000036e+00 0.000000000000000000e+00
3.299999999999999822e+00 0.000000000000000000e+00
3.310000000000000053e+00 0.000000000000000000e+00
3.319999999999999840e+00 0.000000000000000000e+00
3.330000000000000071e+00 0.000000000000000000e+00
3.339999999999999858e+00 0.000000000000000000e+00
3.350000000000000089e+00 3.610278487162950114e+02
3.359999999999999876e+00 3.612946166769178262e+02
3.370000000000000107e+00 3.633188952663180089e+02
3.379999999999999893e+00 3.664570511405085540e+02
3.390000000000000124e+00 3.688957985112145366e+02
3.399999999999999911e+00 3.694266457714635976e+02
3.410000000000000142e+00 3.710006542666056362e+02
3.419999999999999929e+00 3.741031569501988088e+02
3.430000000000000160e+00 3.753350495254040879e+02
3.439999999999999947e+00 3.756065765661980436e+02
3.450000000000000178e+00 3.755400363456440118e+02
3.459999999999999964e+00 3.751704080961354180e+02
3.470000000000000195e+00 3.746167114800995250e+02
3.479999999999999982e+00 3.738943833283094023e+02
3.490000000000000213e+00 3.729174280159745649e+02
3.500000000000000000e+00 3.722850197949251196e+02
3.509999999999999787e+00 3.725216405875437999e+02
3.520000000000000018e+00 3.736269229731309451e+02
3.529999999999999805e+00 3.750779732957545889e+02
3.540000000000000036e+00 3.769509234263899771e+02
3.549999999999999822e+00 3.794207229610863124e+02
3.560000000000000053e+00 3.813513460493347793e+02
3.569999999999999840e+00 3.835607803311891075e+02
3.580000000000000071e+00 3.856940117009532401e+02
3.589999999999999858e+00 3.879824280065005269e+02
3.600000000000000089e+00 3.895042133028218245e+02
3.609999999999999876e+00 3.905169889876798379e+02
3.620000000000000107e+00 3.909251399804120410e+02
3.629999999999999893e+00 3.912484174633300427e+02
3.640000000000000124e+00 3.915026512914809018e+02
3.649999999999999911e+00 3.922545467561593000e+02
3.660000000000000142e+00 3.928767705719876631e+02
3.669999999999999929e+00 3.932242624998749534e+02
3.680000000000000160e+00 3.924733925846939542e+02
3.689999999999999947e+00 3.912519286734477078e+02
3.700000000000000178e+00 3.910133778214733979e+02
3.709999999999999964e+00 3.908401983250380454e+02
3.720000000000000195e+00 3.907946004420399504e+02
3.729999999999999982e+00 3.905007632138278382e+02
3.740000000000000213e+00 3.907564366230877226e+02
3.750000000000000000e+00 3.905180597457647309e+02
3.759999999999999787e+00 3.910049203511960059e+02
3.770000000000000018e+00 3.928964608404115779e+02
3.779999999999999805e+00 3.991503968973149767e+02
3.790000000000000036e+00 4.054907300868297284e+02
3.799999999999999822e+00 4.053849734092277686e+02
3.810000000000000053e+00 4.030764588409061844e+02
3.819999999999999840e+00 4.020381512213328392e+02
3.830000000000000071e+00 4.001184053984933371e+02
3.839999999999999858e+00 3.990317070885105863e+02
3.850000000000000089e+00 3.981482284414449282e+02
3.859999999999999876e+00 3.957812929627572203e+02
3.870000000000000107e+00 3.920418950591807743e+02
3.879999999999999893e+00 3.891792514235851286e+02
3.890000000000000124e+00 3.881775969774034252e+02
3.899999999999999911e+00 3.879446054726527109e+02
3.910000000000000142e+00 3.881495102097141512e+02
3.919999999999999929e+00 3.888367683047068226e+02
3.930000000000000160e+00 3.908377178986626177e+02
3.939999999999999947e+00 3.937501880280371438e+02
3.950000000000000178e+00 3.972375191189001384e+02
3.959999999999999964e+00 4.001555014544321693e+02
3.970000000000000195e+00 4.019278836134242283e+02
3.979999999999999982e+00 4.014290987029474422e+02
3.990000000000000213e+00 3.985086201251096441e+02
4.000000000000000000e+00 3.944811333981961070e+02
4.009999999999999787e+00 3.922162035771510773e+02
4.019999999999999574e+00 3.905485479493636944e+02
4.030000000000000249e+00 3.897120555952162135e+02
4.040000000000000036e+00 0.000000000000000000e+00
4.049999999999999822e+00 0.000000000000000000e+00
4.059999999999999609e+00 0.000000000000000000e+00
4.070000000000000284e+00 0.000000000000000000e+00
4.080000000000000071e+00 0.000000000000000000e+00
4.089999999999999858e+00 0.000000000000000000e+00
4.099999999999999645e+00 0.000000000000000000e+00
4.110000000000000320e+00 0.000000000000000000e+00
4.120000000000000107e+00 0.000000000000000000e+00
4.129999999999999893e+00 0.000000000000000000e+00
4.139999999999999680e+00 0.000000000000000000e+00
4.150000000000000355e+00 0.000000000000000000e+00
4.160000000000000142e+00 0.000000000000000000e+00
4.169999999999999929e+00 0.000000000000000000e+00
4.179999999999999716e+00 0.000000000000000000e+00
4.190000000000000391e+00 0.000000000000000000e+00
4.200000000000000178e+00 0.000000000000000000e+00
4.209999999999999964e+00 0.000000000000000000e+00
4.219999999999999751e+00 0.000000000000000000e+00
4.230000000000000426e+00 0.000000000000000000e+00
4.240000000000000213e+00 0.000000000000000000e+00
4.250000000000000000e+00 0.000000000000000000e+00
4.259999999999999787e+00 0.000000000000000000e+00
4.269999999999999574e+00 0.000000000000000000e+00
4.280000000000000249e+00 0.000000000000000000e+00
4.290000000000000036e+00 0.000000000000000000e+00
4.299999999999999822e+00 0.000000000000000000e+00
4.309999999999999609e+00 0.000000000000000000e+00
4.320000000000000284e+00 0.000000000000000000e+00
4.330000000000000071e+00 0.000000000000000000e+00
4.339999999999999858e+00 0.000000000000000000e+00
4.349999999999999645e+00 0.000000000000000000e+00
4.360000000000000320e+00 0.000000000000000000e+00
4.370000000000000107e+00 0.000000000000000000e+00
4.379999999999999893e+00 0.000000000000000000e+00
4.389999999999999680e+00 0.000000000000000000e+00
4.400000000000000355e+00 0.000000000000000000e+00
4.410000000000000142e+00 0.000000000000000000e+00
4.419999999999999929e+00 0.000000000000000000e+00
4.429999999999999716e+00 0.000000000000000000e+00
4.440000000000000391e+00 0.000000000000000000e+00
4.450000000000000178e+00 0.000000000000000000e+00
4.459999999999999964e+00 0.000000000000000000e+00
4.469999999999999751e+00 2.268148370143283046e+02
4.480000000000000426e+00 2.274034614677471211e+02
4.490000000000000213e+00 2.302877064160871896e+02
4.500000000000000000e+00 2.357657279822855401e+02
4.509999999999999787e+00 2.389175223075096426e+02
4.519999999999999574e+00 2.420819250342318867e+02
4.530000000000000249e+00 2.437380787162354352e+02
4.540000000000000036e+00 2.456796596310529708e+02
4.549999999999999822e+00 0.000000000000000000e+00
4.559999999999999609e+00 0.000000000000000000e+00
4.570000000000000284e+00 3.455233088874798000e+02
4.580000000000000071e+00 3.504630317246270010e+02
4.589999999999999858e+00 0.000000000000000000e+00
4.599999999999999645e+00 0.000000000000000000e+00
4.610000000000000320e+00 0.000000000000000000e+00
4.620000000000000107e+00 0.000000000000000000e+00
4.629999999999999893e+00 5.168666671142293580e+02
4.639999999999999680e+00 5.268161099688844615e+02
4.650000000000000355e+00 5.307147367316913460e+02
4.660000000000000142e+00 5.304978886238237692e+02
4.669999999999999929e+00 5.245947141011586154e+02
4.679999999999999716e+00 5.199962682450208149e+02
4.690000000000000391e+00 4.745143410511109323e+02
4.700000000000000178e+00 0.000000000000000000e+00
4.709999999999999964e+00 0.000000000000000000e+00
4.719999999999999751e+00 0.000000000000000000e+00
4.730000000000000426e+00 0.000000000000000000e+00
4.740000000000000213e+00 0.000000000000000000e+00
4.750000000000000000e+00 0.000000000000000000e+00
4.759999999999999787e+00 0.000000000000000000e+00
4.769999999999999574e+00 0.000000000000000000e+00
4.780000000000000249e+00 0.000000000000000000e+00
4.790000000000000036e+00 0.000000000000000000e+00
4.799999999999999822e+00 2.728635267938690276e+02
4.809999999999999609e+00 2.773678709447170263e+02
4.820000000000000284e+00 2.830598451741161057e+02
4.830000000000000071e+00 2.887966991234167153e+02
4.839999999999999858e+00 2.967823679028423953e+02
4.849999999999999645e+00 3.062372841051894170e+02
4.860000000000000320e+00 3.265790299785536490e+02
4.870000000000000107e+00 3.461529645683027070e+02
4.879999999999999893e+00 3.528379557316330875e+02
4.889999999999999680e+00 0.000000000000000000e+00
4.900000000000000355e+00 0.000000000000000000e+00
4.910000000000000142e+00 0.000000000000000000e+00
4.919999999999999929e+00 4.945911907462916588e+02
4.929999999999999716e+00 4.936132658943381557e+02
4.940000000000000391e+00 4.904484902240747601e+02
4.950000000000000178e+00 4.832559812552008225e+02
4.959999999999999964e+00 4.756724971020917110e+02
4.969999999999999751e+00 0.000000000000000000e+00
4.980000000000000426e+00 4.255181476442568282e+02
4.990000000000000213e+00 4.268578598348432251e+02
5.000000000000000000e+00 4.315597484085444080e+02
5.009999999999999787e+00 4.350325486817982323e+02
5.019999999999999574e+00 0.000000000000000000e+00
5.030000000000000249e+00 0.000000000000000000e+00
5.040000000000000036e+00 0.000000000000000000e+00
5.049999999999999822e+00 0.000000000000000000e+00
5.059999999999999609e+00 0.000000000000000000e+00
5.070000000000000284e+00 0.000000000000000000e+00
5.080000000000000071e+00 0.000000000000000000e+00
5.089999999999999858e+00 0.000000000000000000e+00
5.099999999999999645e+00 0.000000000000000000e+00
5.110000000000000320e+00 0.000000000000000000e+00
5.120000000000000107e+00 0.000000000000000000e+00
5.129999999999999893e+00 0.000000000000000000e+00
5.139999999999999680e+00 4.646656632704727485e+02
5.150000000000000355e+00 4.514074288074184551e+02
5.160000000000000142e+00 4.497005035854419930e+02
5.169999999999999929e+00 4.448597228478311649e+02
5.179999999999999716e+00 4.385053980191685241e+02
5.190000000000000391e+00 4.354053663980649844e+02
5.200000000000000178e+00 4.342463397763463036e+02
5.209999999999999964e+00 4.340048773295334286e+02
5.219999999999999751e+00 4.344455117129161863e+02
5.230000000000000426e+00 4.351318285023680232e+02
5.240000000000000213e+00 4.358408883779044345e+02
5.250000000000000000e+00 4.362115943911617819e+02
5.259999999999999787e+00 4.378396435222408059e+02
5.269999999999999574e+00 4.420291975527744626e+02
5.280000000000000249e+00 4.480255158971545484e+02
5.290000000000000036e+00 4.558499981534680501e+02
5.299999999999999822e+00 4.599203537773121298e+02
5.309999999999999609e+00 4.586498979782660967e+02
5.320000000000000284e+00 0.000000000000000000e+00
5.330000000000000071e+00 0.000000000000000000e+00
5.339999999999999858e+00 0.000000000000000000e+00
5.349999999999999645e+00 0.000000000000000000e+00
5.360000000000000320e+00 0.000000000000000000e+00
5.370000000000000107e+00 0.000000000000000000e+00
5.379999999999999893e+00 0.000000000000000000e+00
5.389999999999999680e+00 0.000000000000000000e+00
5.400000000000000355e+00 0.000000000000000000e+00
5.410000000000000142e+00 0.000000000000000000e+00
5.419999999999999929e+00 4.688958618238032159e+02
5.429999999999999716e+00 0.000000000000000000e+00
5.440000000000000391e+00 4.563069871919572051e+02
5.450000000000000178e+00 4.658725761311665110e+02
5.459999999999999964e+00 4.712578331342504612e+02
5.469999999999999751e+00 4.763085666560033360e+02
5.480000000000000426e+00 4.843873796764729036e+02
5.490000000000000213e+00 4.969074125907129655e+02
5.500000000000000000e+00 5.019911983151516210e+02
5.509999999999999787e+00 5.033610382647901247e+02
5.519999999999999574e+00 5.009748650873686984e+02
5.530000000000000249e+00 4.903469679543943016e+02
5.540000000000000036e+00 4.739299894411285550e+02
5.549999999999999822e+00 0.000000000000000000e+00
5.559999999999999609e+00 4.140585734619938876e+02
5.570000000000000284e+00 0.000000000000000000e+00
5.580000000000000071e+00 0.000000000000000000e+00
5.589999999999999858e+00 0.000000000000000000e+00
5.599999999999999645e+00 3.735995386480289540e+02
5.610000000000000320e+00 0.000000000000000000e+00
5.620000000000000107e+00 0.000000000000000000e+00
5.629999999999999893e+00 0.000000000000000000e+00
5.639999999999999680e+00 0.000000000000000000e+00
5.650000000000000355e+00 0.000000000000000000e+00
5.660000000000000142e+00 3.616169724686169502e+02
5.669999999999999929e+00 3.736173717033199182e+02
5.679999999999999716e+00 3.908238688896318536e+02
5.690000000000000391e+00 0.000000000000000000e+00
5.700000000000000178e+00 0.000000000000000000e+00
5.709999999999999964e+00 0.000000000000000000e+00
5.719999999999999751e+00 0.000000000000000000e+00
5.730000000000000426e+00 4.959235593256783545e+02
5.740000000000000213e+00 5.347409486876734945e+02
5.750000000000000000e+00 5.351456204041439833e+02
5.759999999999999787e+00 5.313980654340834917e+02
5.769999999999999574e+00 5.260443218669553289e+02
5.780000000000000249e+00 5.230639096946169957e+02
5.790000000000000036e+00 5.208273721389624598e+02
5.799999999999999822e+00 5.187576418103170681e+02
5.809999999999999609e+00 5.175174660470055414e+02
5.820000000000000284e+00 5.161022378606342045e+02
5.830000000000000071e+00 5.140778569014214554e+02
5.839999999999999858e+00 5.112239227761732536e+02
5.849999999999999645e+00 5.064543762443434503e+02
5.860000000000000320e+00 5.017077406468800973e+02
5.870000000000000107e+00 4.989839179611641384e+02
5.879999999999999893e+00 4.943963372010844068e+02
5.889999999999999680e+00 4.861262267126709844e+02
5.900000000000000355e+00 4.787805638926056986e+02
5.910000000000000142e+00 4.682083507455532754e+02
5.919999999999999929e+00 4.349958742882782872e+02
5.929999999999999716e+00 4.273562544827995566e+02
5.940000000000000391e+00 4.200628896067973983e+02
5.950000000000000178e+00 4.142100205368067236e+02
5.959999999999999964e+00 4.119096396819069241e+02
5.969999999999999751e+00 4.114620855703703342e+02
5.980000000000000426e+00 4.114297851001848585e+02
5.990000000000000213e+00 4.114522499209621742e+02
6.000000000000000000e+00 4.115925478638182540e+02
6.009999999999999787e+00 4.122633690728399642e+02
6.019999999999999574e+00 4.144938493562228246e+02
6.030000000000000249e+00 4.184664339842066738e+02
6.040000000000000036e+00 4.228365488886890375e+02
6.049999999999999822e+00 4.266958386552719276e+02
6.059999999999999609e+00 4.298436895185623143e+02
6.070000000000000284e+00 4.327335330359691170e+02
6.080000000000000071e+00 4.356813034047357860e+02
6.089999999999999858e+00 4.376614456357523864e+02
6.099999999999999645e+00 4.382574178496952300e+02
6.110000000000000320e+00 4.382641623857988407e+02
6.120000000000000107e+00 4.382598767158044097e+02
6.129999999999999893e+00 4.381779219166364783e+02
6.139999999999999680e+00 4.383933708137193435e+02
6.150000000000000355e+00 4.379152083837235523e+02
6.160000000000000142e+00 4.368202106638553914e+02
6.169999999999999929e+00 4.346801759752468115e+02
6.179999999999999716e+00 0.000000000000000000e+00
6.190000000000000391e+00 0.000000000000000000e+00
6.200000000000000178e+00 4.072825841424619853e+02
6.209999999999999964e+00 4.078696338204435961e+02
6.219999999999999751e+00 4.062399836906936343e+02
6.230000000000000426e+00 4.036539021192494374e+02
6.240000000000000213e+00 3.987260405351932491e+02
6.250000000000000000e+00 0.000000000000000000e+00
6.259999999999999787e+00 0.000000000000000000e+00
6.269999999999999574e+00 0.000000000000000000e+00
6.280000000000000249e+00 0.000000000000000000e+00
6.290000000000000036e+00 0.000000000000000000e+00
6.299999999999999822e+00 0.000000000000000000e+00
6.309999999999999609e+00 0.000000000000000000e+00
6.320000000000000284e+00 0.000000000000000000e+00
6.330000000000000071e+00 2.732284367380451044e+02
6.339999999999999858e+00 2.754733734739185707e+02
6.349999999999999645e+00 2.814954826972935393e+02
6.360000000000000320e+00 2.839778872095837983e+02
6.370000000000000107e+00 2.849064197694452787e+02
6.379999999999999893e+00 2.852237440779996405e+02
6.389999999999999680e+00 2.879425617068911265e+02
6.400000000000000355e+00 2.961938383708474589e+02
6.410000000000000142e+00 3.032321423171387096e+02
6.419999999999999929e+00 0.000000000000000000e+00
6.429999999999999716e+00 3.509770603113115612e+02
6.440000000000000391e+00 3.693054694773775282e+02
6.450000000000000178e+00 3.888561022569451211e+02
6.459999999999999964e+00 4.015674357169286282e+02
6.469999999999999751e+00 4.148191561738744895e+02
6.480000000000000426e+00 4.307559185250934775e+02
6.490000000000000213e+00 4.424042181324400644e+02
6.500000000000000000e+00 4.474171067469691252e+02
6.509999999999999787e+00 4.466522200252866241e+02
6.519999999999999574e+00 4.426490258603014354e+02
6.530000000000000249e+00 4.363735949185272602e+02
6.540000000000000036e+00 4.304614977202923001e+02
6.549999999999999822e+00 4.274139678506434166e+02
6.559999999999999609e+00 4.259650599454706708e+02
6.570000000000000284e+00 4.228398486997759278e+02
6.580000000000000071e+00 4.156636821648842783e+02
6.589999999999999858e+00 4.085620473460631956e+02
6.599999999999999645e+00 4.048208117563905830e+02
6.610000000000000320e+00 4.035234684035225428e+02
6.620000000000000107e+00 4.039382537985636645e+02
6.629999999999999893e+00 4.067847139171835806e+02
6.639999999999999680e+00 4.126881147527178655e+02
6.650000000000000355e+00 4.213378709300988589e+02
6.660000000000000142e+00 4.300440164385566391e+02
6.669999999999999929e+00 4.374669060667716280e+02
6.679999999999999716e+00 4.435402584368118823e+02
6.690000000000000391e+00 4.473023528834696094e+02
6.700000000000000178e+00 4.494621926947446013e+02
6.709999999999999964e+00 4.491810401554846521e+02
6.719999999999999751e+00 4.465452268958810578e+02
6.730000000000000426e+00 4.440050547910415162e+02
6.740000000000000213e+00 4.408248261204968230e+02
6.750000000000000000e+00 4.346680014433675865e+02
6.759999999999999787e+00 4.293838903521869952e+02
6.769999999999999574e+00 4.285592640160006113e+02
6.780000000000000249e+00 4.313736647859283266e+02
6.790000000000000036e+00 4.353219431963852912e+02
6.799999999999999822e+00 4.390036057693776570e+02
6.809999999999999609e+00 4.394466051343127901e+02
6.820000000000000284e+00 4.394392366261088227e+02
6.830000000000000071e+00 4.409412049608368420e+02
6.839999999999999858e+00 4.440072554556097657e+02
6.849999999999999645e+00 4.467946434176859611e+02
6.860000000000000320e+00 4.471065012175902211e+02
6.870000000000000107e+00 4.427819326160736182e+02
6.879999999999999893e+00 4.347123100155568522e+02
6.889999999999999680e+00 4.277591358096660770e+02
6.900000000000000355e+00 4.118958954814377762e+02
6.910000000000000142e+00 4.015510439678073453e+02
6.919999999999999929e+00 3.964781425809098891e+02
6.929999999999999716e+00 3.948943164127936711e+02
6.940000000000000391e+00 3.964047121047710789e+02
6.950000000000000178e+00 3.997686944871198875e+02
6.959999999999999964e+00 4.042996306712852856e+02
6.969999999999999751e+00 4.134456080606436217e+02
6.980000000000000426e+00 4.271360975410902370e+02
6.990000000000000213e+00 4.440898927526191642e+02
7.000000000000000000e+00 4.639063174639844647e+02
7.009999999999999787e+00 4.971119142441989993e+02
7.019999999999999574e+00 4.970046505569138162e+02
7.030000000000000249e+00 4.928549219482703734e+02
7.040000000000000036e+00 0.000000000000000000e+00
7.049999999999999822e+00 0.000000000000000000e+00
7.059999999999999609e+00 0.000000000000000000e+00
7.070000000000000284e+00 3.833715240678608325e+02
7.080000000000000071e+00 3.700396823895032981e+02
7.089999999999999858e+00 3.608050421398056642e+02
7.099999999999999645e+00 3.550838879579793570e+02
7.110000000000000320e+00 3.530982141972374393e+02
7.120000000000000107e+00 3.517582751939619925e+02
7.129999999999999893e+00 3.508718464263941996e+02
7.139999999999999680e+00 3.490436923775337164e+02
7.150000000000000355e+00 3.478534913519923748e+02
7.160000000000000142e+00 3.513830297659087023e+02
7.169999999999999929e+00 3.491179857661728647e+02
7.179999999999999716e+00 3.458225218988937968e+02
7.190000000000000391e+00 3.419891075860363117e+02
7.200000000000000178e+00 3.316958704581072652e+02
7.209999999999999964e+00 3.216585896336877113e+02
7.219999999999999751e+00 3.114464135830434088e+02
7.230000000000000426e+00 2.965217326589007598e+02
7.240000000000000213e+00 2.855641023468998583e+02
7.250000000000000000e+00 2.817873088037999878e+02
7.259999999999999787e+00 2.816826793257949930e+02
7.269999999999999574e+00 2.835139116727247028e+02
7.280000000000000249e+00 2.874413769237950191e+02
7.290000000000000036e+00 2.940917651052529322e+02
7.299999999999999822e+00 2.998586323654917010e+02
7.309999999999999609e+00 3.064420534342365272e+02
7.320000000000000284e+00 3.157146071768087268e+02
7.330000000000000071e+00 3.288008316951257939e+02
7.339999999999999858e+00 3.353646792372427399e+02
7.349999999999999645e+00 3.408611985237669728e+02
7.360000000000000320e+00 3.474665002791729194e+02
7.370000000000000107e+00 3.527457380763357833e+02
7.379999999999999893e+00 3.907020823279757451e+02
7.389999999999999680e+00 3.970616888300231153e+02
7.400000000000000355e+00 3.979900667468876350e+02
7.410000000000000142e+00 3.962186312821068555e+02
7.419999999999999929e+00 3.930198561607321039e+02
7.429999999999999716e+00 3.942051758459156190e+02
7.440000000000000391e+00 0.000000000000000000e+00
7.450000000000000178e+00 0.000000000000000000e+00
7.459999999999999964e+00 0.000000000000000000e+00
7.469999999999999751e+00 0.000000000000000000e+00
7.480000000000000426e+00 0.000000000000000000e+00
7.490000000000000213e+00 0.000000000000000000e+00
7.500000000000000000e+00 0.000000000000000000e+00
7.509999999999999787e+00 0.000000000000000000e+00
7.519999999999999574e+00 0.000000000000000000e+00
7.530000000000000249e+00 0.000000000000000000e+00
7.540000000000000036e+00 0.000000000000000000e+00
7.549999999999999822e+00 0.000000000000000000e+00
7.559999999999999609e+00 0.000000000000000000e+00
7.570000000000000284e+00 0.000000000000000000e+00
7.580000000000000071e+00 0.000000000000000000e+00
7.589999999999999858e+00 2.291714079513708384e+02
7.599999999999999645e+00 2.287118232720840183e+02
7.610000000000000320e+00 2.292178149536377703e+02
7.620000000000000107e+00 2.318527244296339518e+02
7.629999999999999893e+00 2.365703713517811195e+02
7.639999999999999680e+00 2.414082481654438084e+02
7.650000000000000355e+00 2.461439620871047680e+02
7.660000000000000142e+00 2.548233147296548680e+02
7.669999999999999929e+00 2.628227638845496017e+02
7.679999999999999716e+00 0.000000000000000000e+00
7.690000000000000391e+00 3.052805664805063088e+02
7.700000000000000178e+00 3.165910461658280610e+02
7.709999999999999964e+00 3.203553091007767648e+02
7.719999999999999751e+00 3.190905543775230058e+02
7.730000000000000426e+00 3.144090354385823503e+02
7.740000000000000213e+00 3.014634545263468226e+02
7.750000000000000000e+00 2.881346087928217798e+02
7.759999999999999787e+00 2.788656977631506493e+02
7.769999999999999574e+00 2.724372589854311855e+02
7.780000000000000249e+00 2.699313220850432344e+02
7.790000000000000036e+00 2.699082328005942486e+02
7.799999999999999822e+00 2.711770741514750966e+02
7.809999999999999609e+00 2.739833890168784478e+02
7.820000000000000284e+00 2.793636895537122200e+02
7.830000000000000071e+00 2.854912397498836754e+02
7.839999999999999858e+00 2.900989558864691276e+02
7.849999999999999645e+00 2.924923420723167169e+02
7.860000000000000320e+00 2.934923900904050811e+02
7.870000000000000107e+00 2.934616774914065900e+02
7.879999999999999893e+00 2.928060133660809470e+02
7.889999999999999680e+00 2.922291635404271801e+02
7.900000000000000355e+00 2.911867116129742499e+02
7.910000000000000142e+00 2.884605818922012759e+02
7.919999999999999929e+00 2.864300700586509265e+02
7.929999999999999716e+00 2.858064256445163096e+02
7.940000000000000391e+00 2.872599512050069279e+02
7.950000000000000178e+00 2.899169007004770151e+02
7.959999999999999964e+00 2.922164565622558143e+02
7.969999999999999751e+00 2.936130881400118255e+02
7.980000000000000426e+00 2.943590058047029743e+02
7.990000000000000213e+00 2.947361868647203664e+02
8.000000000000000000e+00 2.948681431317357351e+02
8.009999999999999787e+00 2.947757565980292611e+02
8.019999999999999574e+00 2.939602011611811463e+02
8.029999999999999361e+00 2.927897850552330397e+02
8.039999999999999147e+00 2.918966157382090501e+02
8.050000000000000711e+00 2.917003396009813514e+02
8.060000000000000497e+00 2.935403792817384101e+02
8.070000000000000284e+00 2.964858620247722456e+02
8.080000000000000071e+00 3.027193562862828458e+02
8.089999999999999858e+00 3.123859759659081305e+02
8.099999999999999645e+00 3.173378682495358589e+02
8.109999999999999432e+00 3.192479705710535427e+02
8.119999999999999218e+00 3.189933162653238128e+02
8.130000000000000782e+00 3.167927264421521159e+02
8.140000000000000568e+00 3.121138107480078929e+02
8.150000000000000355e+00 3.052438797320126014e+02
8.160000000000000142e+00 0.000000000000000000e+00
8.169999999999999929e+00 0.000000000000000000e+00
8.179999999999999716e+00 0.000000000000000000e+00
8.189999999999999503e+00 0.000000000000000000e+00
8.199999999999999289e+00 0.000000000000000000e+00
8.210000000000000853e+00 0.000000000000000000e+00
8.220000000000000639e+00 0.000000000000000000e+00
8.230000000000000426e+00 0.000000000000000000e+00
8.240000000000000213e+00 0.000000000000000000e+00
8.250000000000000000e+00 0.000000000000000000e+00
8.259999999999999787e+00 0.000000000000000000e+00
8.269999999999999574e+00 0.000000000000000000e+00
8.279999999999999361e+00 0.000000000000000000e+00
8.289999999999999147e+00 0.000000000000000000e+00
8.300000000000000711e+00 0.000000000000000000e+00
8.310000000000000497e+00 0.000000000000000000e+00
8.320000000000000284e+00 0.000000000000000000e+00
8.330000000000000071e+00 0.000000000000000000e+00
8.339999999999999858e+00 0.000000000000000000e+00
8.349999999999999645e+00 0.000000000000000000e+00
8.359999999999999432e+00 0.000000000000000000e+00
8.369999999999999218e+00 0.000000000000000000e+00
8.380000000000000782e+00 0.000000000000000000e+00
8.390000000000000568e+00 0.000000000000000000e+00
8.400000000000000355e+00 0.000000000000000000e+00
8.410000000000000142e+00 0.000000000000000000e+00
8.419999999999999929e+00 0.000000000000000000e+00
8.429999999999999716e+00 3.443950767306627085e+02
8.439999999999999503e+00 0.000000000000000000e+00
8.449999999999999289e+00 0.000000000000000000e+00
8.460000000000000853e+00 0.000000000000000000e+00
8.470000000000000639e+00 4.519586314974684456e+02
8.480000000000000426e+00 4.690490168753876219e+02
8.490000000000000213e+00 4.859334429582902430e+02
8.500000000000000000e+00 4.924205670175717842e+02
8.509999999999999787e+00 4.955660515597208473e+02
8.519999999999999574e+00 4.962695309424980792e+02
8.529999999999999361e+00 4.959707008762538862e+02
8.539999999999999147e+00 5.007680921333191009e+02
8.550000000000000711e+00 5.244580530953569451e+02
8.560000000000000497e+00 5.279045443423890447e+02
8.570000000000000284e+00 5.301481686618578806e+02
8.580000000000000071e+00 5.342784684801716821e+02
8.589999999999999858e+00 5.372059244801139357e+02
8.599999999999999645e+00 5.390871418874662595e+02
8.609999999999999432e+00 5.417803705216855406e+02
8.619999999999999218e+00 5.461820664368307234e+02
8.630000000000000782e+00 5.511168537785133594e+02
8.640000000000000568e+00 5.505137709713184222e+02
8.650000000000000355e+00 5.411910234717014418e+02
8.660000000000000142e+00 5.315746794222276321e+02
8.669999999999999929e+00 5.234179567812943787e+02
8.679999999999999716e+00 5.174421987720985499e+02
8.689999999999999503e+00 5.122501076896016912e+02
8.699999999999999289e+00 5.036627576617179329e+02
8.710000000000000853e+00 4.953106354540253164e+02
8.720000000000000639e+00 4.915872298546406682e+02
8.730000000000000426e+00 4.889160593661543999e+02
8.740000000000000213e+00 4.871514573478589227e+02
8.750000000000000000e+00 4.858111762538502489e+02
8.759999999999999787e+00 4.828950860150734457e+02
8.769999999999999574e+00 4.737892472889350302e+02
8.779999999999999361e+00 4.498714889448157805e+02
8.789999999999999147e+00 4.429704381530408455e+02
8.800000000000000711e+00 4.404567278452993833e+02
8.810000000000000497e+00 4.398936864502900335e+02
8.820000000000000284e+00 4.389690668772660729e+02
8.830000000000000071e+00 4.384562027922297602e+02
8.839999999999999858e+00 0.000000000000000000e+00
8.849999999999999645e+00 0.000000000000000000e+00
8.859999999999999432e+00 0.000000000000000000e+00
8.869999999999999218e+00 0.000000000000000000e+00
8.880000000000000782e+00 0.000000000000000000e+00
8.890000000000000568e+00 0.000000000000000000e+00
8.900000000000000355e+00 4.894341220780653430e+02
8.910000000000000142e+00 4.944422978832065496e+02
8.919999999999999929e+00 4.957607253009515489e+02
8.929999999999999716e+00 4.855969196207335017e+02
8.939999999999999503e+00 4.738139827753007580e+02
8.949999999999999289e+00 4.673819025165955168e+02
8.960000000000000853e+00 4.606210671436858206e+02
8.970000000000000639e+00 4.534371696550446131e+02
8.980000000000000426e+00 4.493760181466011545e+02
8.990000000000000213e+00 4.477759504877885774e+02
9.000000000000000000e+00 4.488960881048191709e+02
9.009999999999999787e+00 4.514770832339391973e+02
9.019999999999999574e+00 4.555080458761125328e+02
9.029999999999999361e+00 4.613168596942571753e+02
9.039999999999999147e+00 4.660820553899702645e+02
9.050000000000000711e+00 4.687073640624090558e+02
9.060000000000000497e+00 4.715584714353495883e+02
9.070000000000000284e+00 4.749692755066487848e+02
9.080000000000000071e+00 4.782126821691414875e+02
9.089999999999999858e+00 4.809071197123446950e+02
9.099999999999999645e+00 4.831632299623033759e+02
9.109999999999999432e+00 4.858687936337822180e+02
9.119999999999999218e+00 4.899073714896456408e+02
9.130000000000000782e+00 4.937749283309466364e+02
9.140000000000000568e+00 4.985419027883614831e+02
9.150000000000000355e+00 5.034937525527027447e+02
9.160000000000000142e+00 5.078529222586346350e+02
9.169999999999999929e+00 5.105229262163010731e+02
9.179999999999999716e+00 5.111679846201784585e+02
9.189999999999999503e+00 5.104173242086030768e+02
9.199999999999999289e+00 5.085750992358771896e+02
9.210000000000000853e+00 5.044252795804965217e+02
9.220000000000000639e+00 4.988603677551924989e+02
9.230000000000000426e+00 4.935239603648564071e+02
9.240000000000000213e+00 4.900014786881941973e+02
9.250000000000000000e+00 4.880827813103283006e+02
9.259999999999999787e+00 4.874152943202046799e+02
9.269999999999999574e+00 4.876899676319943069e+02
9.279999999999999361e+00 4.887095507629147164e+02
9.289999999999999147e+00 4.910908629600943414e+02
9.300000000000000711e+00 4.942073278241454659e+02
9.310000000000000497e+00 4.976422504031248764e+02
9.320000000000000284e+00 5.021114671249455341e+02
9.330000000000000071e+00 5.078722329327616762e+02
9.339999999999999858e+00 5.130634697224178353e+02
9.349999999999999645e+00 5.166683159559977412e+02
9.359999999999999432e+00 5.166879883147939836e+02
9.369999999999999218e+00 5.126974800936321799e+02
9.380000000000000782e+00 5.059875064494280537e+02
9.390000000000000568e+00 4.996315825898141156e+02
9.400000000000000355e+00 4.947241013426566951e+02
9.410000000000000142e+00 4.898378663520335294e+02
9.419999999999999929e+00 4.853525282859714025e+02
9.429999999999999716e+00 4.832143557118030799e+02
9.439999999999999503e+00 4.839564461610076478e+02
9.449999999999999289e+00 4.870500535644975457e+02
9.460000000000000853e+00 4.907473686831183386e+02
9.470000000000000639e+00 4.940961587169022664e+02
9.480000000000000426e+00 4.949152085858136161e+02
9.490000000000000213e+00 4.916221350206168381e+02
9.500000000000000000e+00 4.873424468894477855e+02
9.509999999999999787e+00 4.885161269588315918e+02
9.519999999999999574e+00 4.920466929256118647e+02
9.529999999999999361e+00 4.944792466860469631e+02
9.539999999999999147e+00 4.959757330629828402e+02
9.550000000000000711e+00 4.976373512455279524e+02
9.560000000000000497e+00 4.996581138420844468e+02
9.570000000000000284e+00 5.016383239935685197e+02
9.580000000000000071e+00 5.018913800617172569e+02
9.589999999999999858e+00 4.938665505697232447e+02
9.599999999999999645e+00 4.890528757994167677e+02
9.609999999999999432e+00 4.880918674462377567e+02
9.619999999999999218e+00 4.852611262237260803e+02
9.630000000000000782e+00 4.798514001799769630e+02
9.640000000000000568e+00 4.702970445295363220e+02
9.650000000000000355e+00 0.000000000000000000e+00
9.660000000000000142e+00 0.000000000000000000e+00
9.669999999999999929e+00 4.037263160085155391e+02
9.679999999999999716e+00 3.972330044552542176e+02
9.689999999999999503e+00 3.966620941688212270e+02
9.699999999999999289e+00 4.013830820883090382e+02
9.710000000000000853e+00 4.125401400133424659e+02
9.720000000000000639e+00 4.258156222226799059e+02
9.730000000000000426e+00 4.386490074921895257e+02
9.740000000000000213e+00 4.499653507404674428e+02
9.750000000000000000e+00 4.670962472225952524e+02
9.759999999999999787e+00 4.874063099317862111e+02
9.769999999999999574e+00 5.014448138084253515e+02
9.779999999999999361e+00 5.185730131123933688e+02
9.789999999999999147e+00 5.301827321754930153e+02
9.800000000000000711e+00 5.367231899560908914e+02
9.810000000000000497e+00 5.434092083924563212e+02
9.820000000000000284e+00 5.519647824834446510e+02
9.830000000000000071e+00 5.613824098106086922e+02
9.839999999999999858e+00 5.729484882134461259e+02
9.849999999999999645e+00 5.803233561284682764e+02
9.859999999999999432e+00 5.851660465839295284e+02
9.869999999999999218e+00 5.887571634373447296e+02
9.880000000000000782e+00 6.571630542581572172e+02
9.890000000000000568e+00 6.599134082483876682e+02
9.900000000000000355e+00 6.601707712144240077e+02
9.910000000000000142e+00 6.604006288335962154e+02
9.919999999999999929e+00 6.573692941360837949e+02
9.929999999999999716e+00 6.558314149559554380e+02
9.939999999999999503e+00 0.000000000000000000e+00
9.949999999999999289e+00 0.000000000000000000e+00
9.960000000000000853e+00 0.000000000000000000e+00
9.970000000000000639e+00 0.000000000000000000e+00
9.980000000000000426e+00 0.000000000000000000e+00
9.990000000000000213e+00 0.000000000000000000e+00
1.000000000000000000e+01 0.000000000000000000e+00
1.000999999999999979e+01 0.000000000000000000e+00
1.001999999999999957e+01 0.000000000000000000e+00
1.002999999999999936e+01 0.000000000000000000e+00
1.003999999999999915e+01 5.027525208915983512e+02
1.005000000000000071e+01 4.990022581853758084e+02
1.006000000000000050e+01 0.000000000000000000e+00
1.007000000000000028e+01 4.725963507678843598e+02
1.008000000000000007e+01 4.647915389043440655e+02
1.008999999999999986e+01 4.520853250887494141e+02
1.009999999999999964e+01 4.435485528919668354e+02
1.010999999999999943e+01 4.412173180308357701e+02
1.011999999999999922e+01 4.424155878555593517e+02
1.013000000000000078e+01 4.451536858629009998e+02
1.014000000000000057e+01 4.490415923330378973e+02
1.015000000000000036e+01 4.545924722483213145e+02
1.016000000000000014e+01 4.613509859302125733e+02
1.016999999999999993e+01 4.677661755125745344e+02
1.017999999999999972e+01 4.739976164893523674e+02
1.018999999999999950e+01 4.840351925866895044e+02
1.019999999999999929e+01 4.903342582556850857e+02
1.021000000000000085e+01 4.921864163874786300e+02
1.022000000000000064e+01 4.921632711772543871e+02
1.023000000000000043e+01 4.912199223568284765e+02
1.024000000000000021e+01 4.908861305289441361e+02
1.025000000000000000e+01 4.915805389450181337e+02
1.025999999999999979e+01 4.922907244609188524e+02
1.026999999999999957e+01 4.922698205652110346e+02
1.027999999999999936e+01 4.913199238517291292e+02
1.028999999999999915e+01 4.898713531631130422e+02
1.030000000000000071e+01 4.886058543559165059e+02
1.031000000000000050e+01 4.887634672998132146e+02
1.032000000000000028e+01 4.891959097069662334e+02
1.033000000000000007e+01 4.900985685312449505e+02
1.033999999999999986e+01 4.912247376750073613e+02
1.034999999999999964e+01 4.923683855231224697e+02
1.035999999999999943e+01 4.929212329889672901e+02
1.036999999999999922e+01 4.929295945351184400e+02
1.038000000000000078e+01 4.937544924748456765e+02
1.039000000000000057e+01 0.000000000000000000e+00
1.040000000000000036e+01 0.000000000000000000e+00
1.041000000000000014e+01 0.000000000000000000e+00
1.041999999999999993e+01 0.000000000000000000e+00
1.042999999999999972e+01 0.000000000000000000e+00
1.043999999999999950e+01 0.000000000000000000e+00
1.044999999999999929e+01 0.000000000000000000e+00
1.046000000000000085e+01 0.000000000000000000e+00
1.047000000000000064e+01 0.000000000000000000e+00
1.048000000000000043e+01 3.041902699857106427e+02
1.049000000000000021e+01 2.998072028319780316e+02
1.050000000000000000e+01 2.991118786806226240e+02
1.050999999999999979e+01 2.997079861941971899e+02
1.051999999999999957e+01 3.006056882164728563e+02
1.052999999999999936e+01 3.020692953704190131e+02
1.053999999999999915e+01 3.036129693183038967e+02
1.055000000000000071e+01 3.051756227511107795e+02
1.056000000000000050e+01 3.084283748570726971e+02
1.057000000000000028e+01 3.133845029413596421e+02
1.058000000000000007e+01 3.190322678397284903e+02
1.058999999999999986e+01 3.238490973245337159e+02
1.059999999999999964e+01 3.292030938285478783e+02
1.060999999999999943e+01 3.379232583114920772e+02
1.061999999999999922e+01 0.000000000000000000e+00
1.063000000000000078e+01 3.807113240950139925e+02
1.064000000000000057e+01 3.838470302158512482e+02
1.065000000000000036e+01 3.848084149198612067e+02
1.066000000000000014e+01 0.000000000000000000e+00
1.066999999999999993e+01 0.000000000000000000e+00
1.067999999999999972e+01 0.000000000000000000e+00
1.068999999999999950e+01 0.000000000000000000e+00
1.069999999999999929e+01 0.000000000000000000e+00
1.071000000000000085e+01 0.000000000000000000e+00
1.072000000000000064e+01 0.000000000000000000e+00
1.073000000000000043e+01 0.000000000000000000e+00
1.074000000000000021e+01 0.000000000000000000e+00
1.075000000000000000e+01 0.000000000000000000e+00
1.075999999999999979e+01 0.000000000000000000e+00
1.076999999999999957e+01 0.000000000000000000e+00
1.077999999999999936e+01 0.000000000000000000e+00
1.078999999999999915e+01 0.000000000000000000e+00
1.080000000000000071e+01 0.000000000000000000e+00
1.081000000000000050e+01 0.000000000000000000e+00
1.082000000000000028e+01 2.495419876142779003e+02
1.083000000000000007e+01 2.540254744332909809e+02
1.083999999999999986e+01 2.554583540113117408e+02
1.084999999999999964e+01 2.585264918510490020e+02
1.085999999999999943e+01 2.614705353700088608e+02
1.086999999999999922e+01 2.632529569774085303e+02
1.088000000000000078e+01 2.649468230170427887e+02
1.089000000000000057e+01 2.671828426495995927e+02
1.090000000000000036e+01 2.712584789781779477e+02
1.091000000000000014e+01 2.754211878841205134e+02
1.091999999999999993e+01 2.798316240856745480e+02
1.092999999999999972e+01 2.845556899907295474e+02
1.093999999999999950e+01 2.893504132071233812e+02
1.094999999999999929e+01 2.933766090737793206e+02
1.096000000000000085e+01 2.953820425748482421e+02
1.097000000000000064e+01 2.970328131637922411e+02
1.098000000000000043e+01 2.990814772440719480e+02
1.099000000000000021e+01 3.008028957914881971e+02
1.100000000000000000e+01 3.012944542967347843e+02
1.100999999999999979e+01 3.003979097620709808e+02
1.101999999999999957e+01 2.977064742818996592e+02
1.102999999999999936e+01 2.965617590631102303e+02
1.103999999999999915e+01 3.006556586178671751e+02
1.105000000000000071e+01 3.188779111892678202e+02
1.106000000000000050e+01 3.274745772342931218e+02
1.107000000000000028e+01 3.317774703755265477e+02
1.108000000000000007e+01 3.339942770727955690e+02
1.108999999999999986e+01 3.345799954625840087e+02
1.109999999999999964e+01 3.349910327110201251e+02
1.110999999999999943e+01 3.354815020392718452e+02
1.111999999999999922e+01 0.000000000000000000e+00
1.113000000000000078e+01 3.978397829562482571e+02
1.114000000000000057e+01 4.424128893657052686e+02
1.115000000000000036e+01 4.459609708420182415e+02
1.116000000000000014e+01 0.000000000000000000e+00
1.116999999999999993e+01 5.049015226736167961e+02
1.117999999999999972e+01 5.175306431697588323e+02
1.118999999999999950e+01 5.294433778073479289e+02
1.119999999999999929e+01 5.426536455029793160e+02
1.121000000000000085e+01 5.516343504253549099e+02
1.122000000000000064e+01 5.609632760589623786e+02
1.123000000000000043e+01 5.686803025688390107e+02
1.124000000000000021e+01 5.723373282991291262e+02
1.125000000000000000e+01 5.726465492068899721e+02
1.125999999999999979e+01 5.687794767892098662e+02
1.126999999999999957e+01 5.617146845027810969e+02
1.127999999999999936e+01 5.513611172793666810e+02
1.128999999999999915e+01 5.423904994250622167e+02
1.130000000000000071e+01 5.362311864192920439e+02
1.131000000000000050e+01 5.299670542671551630e+02
1.132000000000000028e+01 5.239131290342616012e+02
1.133000000000000007e+01 5.212714714671599268e+02
1.133999999999999986e+01 5.204919254766091399e+02
1.134999999999999964e+01 5.209874788752038057e+02
1.135999999999999943e+01 5.212592571715505301e+02
1.136999999999999922e+01 5.207058909405070608e+02
1.138000000000000078e+01 5.195257055901649892e+02
1.139000000000000057e+01 5.178029382304673618e+02
1.140000000000000036e+01 5.177655071668898472e+02
1.141000000000000014e+01 5.198514293971460347e+02
1.141999999999999993e+01 5.224525017257368518e+02
1.142999999999999972e+01 5.229233698825040619e+02
1.143999999999999950e+01 5.220266461216284597e+02
1.144999999999999929e+01 5.214427669927257512e+02
1.146000000000000085e+01 5.217033713046561161e+02
1.147000000000000064e+01 5.226884609592282231e+02
1.148000000000000043e+01 5.230467237631032731e+02
1.149000000000000021e+01 5.229245983405660354e+02
1.150000000000000000e+01 5.223348794896128311e+02
1.150999999999999979e+01 5.220172819815738876e+02
1.151999999999999957e+01 5.225240956345987797e+02
1.152999999999999936e+01 5.236083291929446659e+02
1.153999999999999915e+01 5.279216086095809715e+02
1.155000000000000071e+01 5.325253816216163614e+02
1.156000000000000050e+01 5.339921438108208349e+02
1.157000000000000028e+01 5.333308368745672396e+02
1.158000000000000007e+01 5.316811108746630907e+02
1.158999999999999986e+01 5.295732408109936387e+02
1.159999999999999964e+01 5.268310510452892004e+02
1.160999999999999943e+01 5.237803394349070913e+02
1.161999999999999922e+01 5.214194908623654783e+02
1.163000000000000078e+01 5.194475483654314303e+02
1.164000000000000057e+01 5.169399742771288402e+02
1.165000000000000036e+01 5.140752315860099770e+02
1.166000000000000014e+01 5.139227250764869268e+02
1.166999999999999993e+01 5.161365112245091495e+02
1.167999999999999972e+01 5.196011454969149099e+02
1.168999999999999950e+01 5.224376341794787777e+02
1.169999999999999929e+01 5.234618090943246216e+02
1.171000000000000085e+01 5.239533157857171091e+02
1.172000000000000064e+01 5.233634150679292816e+02
1.173000000000000043e+01 5.223245835994674735e+02
1.174000000000000021e+01 5.210484537777192600e+02
1.175000000000000000e+01 5.195815634688306091e+02
1.175999999999999979e+01 5.181946450409724321e+02
1.176999999999999957e+01 5.185211710773351115e+02
1.177999999999999936e+01 5.202803524936673512e+02
1.178999999999999915e+01 5.222391325100938957e+02
1.180000000000000071e+01 5.242512698842346026e+02
1.181000000000000050e+01 5.258771396107734972e+02
1.182000000000000028e+01 5.249007028346075003e+02
1.183000000000000007e+01 5.225384973296497719e+02
1.183999999999999986e+01 5.217372393792148841e+02
1.184999999999999964e+01 5.226459426472165433e+02
1.185999999999999943e+01 5.240245226994722998e+02
1.186999999999999922e+01 5.253396770620420284e+02
1.188000000000000078e+01 5.254552534588369781e+02
1.189000000000000057e+01 5.245957034522783715e+02
1.190000000000000036e+01 5.245381587492944391e+02
1.191000000000000014e+01 5.253998175198122453e+02
1.191999999999999993e+01 5.257142198391243255e+02
1.192999999999999972e+01 5.241832144385571155e+02
1.193999999999999950e+01 5.214416810544175860e+02
1.194999999999999929e+01 5.175402647437130099e+02
1.196000000000000085e+01 5.093780894657522254e+02
1.197000000000000064e+01 5.007348245190687521e+02
1.198000000000000043e+01 4.973239064100921496e+02
1.199000000000000021e+01 4.957230784848661074e+02
1.200000000000000000e+01 4.957788064652434059e+02
1.200999999999999979e+01 4.959365871792963389e+02
1.201999999999999957e+01 4.949449505041774842e+02
1.202999999999999936e+01 4.938698713959499287e+02
1.203999999999999915e+01 4.945436075432012899e+02
1.205000000000000071e+01 4.957519977880729130e+02
1.206000000000000050e+01 4.957976790366293471e+02
1.207000000000000028e+01 4.948556049524960372e+02
1.208000000000000007e+01 4.942575970974251618e+02
1.208999999999999986e+01 4.948838240565070237e+02
1.209999999999999964e+01 4.981280746395266306e+02
1.210999999999999943e+01 5.045506395716816428e+02
1.211999999999999922e+01 5.119367524281025794e+02
1.213000000000000078e+01 5.182101277151683689e+02
1.214000000000000057e+01 5.211332003473695522e+02
1.215000000000000036e+01 5.195030350998595168e+02
1.216000000000000014e+01 5.145918897622520944e+02
1.216999999999999993e+01 5.094306323924268440e+02
1.217999999999999972e+01 5.129430982166747981e+02
1.218999999999999950e+01 5.242706219199649240e+02
1.219999999999999929e+01 5.303997398743435951e+02
1.221000000000000085e+01 0.000000000000000000e+00
1.222000000000000064e+01 0.000000000000000000e+00
1.223000000000000043e+01 0.000000000000000000e+00
1.224000000000000021e+01 0.000000000000000000e+00
1.225000000000000000e+01 0.000000000000000000e+00
1.225999999999999979e+01 0.000000000000000000e+00
1.226999999999999957e+01 0.000000000000000000e+00
1.227999999999999936e+01 0.000000000000000000e+00
1.228999999999999915e+01 0.000000000000000000e+00
1.230000000000000071e+01 0.000000000000000000e+00
1.231000000000000050e+01 0.000000000000000000e+00
1.232000000000000028e+01 0.000000000000000000e+00
1.233000000000000007e+01 0.000000000000000000e+00
1.233999999999999986e+01 0.000000000000000000e+00
1.234999999999999964e+01 1.520163674847925677e+03
1.235999999999999943e+01 0.000000000000000000e+00
1.236999999999999922e+01 0.000000000000000000e+00
1.238000000000000078e+01 0.000000000000000000e+00
1.239000000000000057e+01 0.000000000000000000e+00
1.240000000000000036e+01 0.000000000000000000e+00
1.241000000000000014e+01 0.000000000000000000e+00
1.241999999999999993e+01 0.000000000000000000e+00
1.242999999999999972e+01 0.000000000000000000e+00
1.243999999999999950e+01 0.000000000000000000e+00
1.244999999999999929e+01 0.000000000000000000e+00
1.246000000000000085e+01 8.300294431196571168e+02
1.247000000000000064e+01 0.000000000000000000e+00
1.248000000000000043e+01 0.000000000000000000e+00
1.249000000000000021e+01 0.000000000000000000e+00
1.250000000000000000e+01 0.000000000000000000e+00
1.250999999999999979e+01 0.000000000000000000e+00
1.251999999999999957e+01 0.000000000000000000e+00
1.252999999999999936e+01 0.000000000000000000e+00
1.253999999999999915e+01 0.000000000000000000e+00
1.255000000000000071e+01 0.000000000000000000e+00
1.256000000000000050e+01 0.000000000000000000e+00
1.257000000000000028e+01 0.000000000000000000e+00
1.258000000000000007e+01 0.000000000000000000e+00
1.258999999999999986e+01 0.000000000000000000e+00
1.259999999999999964e+01 0.000000000000000000e+00
1.260999999999999943e+01 0.000000000000000000e+00
1.261999999999999922e+01 0.000000000000000000e+00
1.263000000000000078e+01 0.000000000000000000e+00
1.264000000000000057e+01 0.000000000000000000e+00
1.265000000000000036e+01 0.000000000000000000e+00
1.266000000000000014e+01 4.405384861030494221e+02
1.266999999999999993e+01 4.468396430425493691e+02
1.267999999999999972e+01 4.505518684572599568e+02
1.268999999999999950e+01 4.631135079253615459e+02
1.269999999999999929e+01 4.821186895478701899e+02
1.271000000000000085e+01 4.888917772137105544e+02
1.272000000000000064e+01 4.945377808837020552e+02
1.273000000000000043e+01 5.125771739677059031e+02
1.274000000000000021e+01 5.246898330267351866e+02
1.275000000000000000e+01 5.299060962995746422e+02
1.275999999999999979e+01 5.324129287996507855e+02
1.276999999999999957e+01 5.339838825857442544e+02
1.277999999999999936e+01 5.337567807612308570e+02
1.278999999999999915e+01 5.346837812272035535e+02
1.280000000000000071e+01 5.365761977533351228e+02
1.281000000000000050e+01 0.000000000000000000e+00
1.282000000000000028e+01 6.097049293934217076e+02
1.283000000000000007e+01 6.058873792246663470e+02
1.283999999999999986e+01 5.984103379594931766e+02
1.284999999999999964e+01 0.000000000000000000e+00
1.285999999999999943e+01 0.000000000000000000e+00
1.286999999999999922e+01 0.000000000000000000e+00
1.288000000000000078e+01 0.000000000000000000e+00
1.289000000000000057e+01 0.000000000000000000e+00
1.290000000000000036e+01 0.000000000000000000e+00
1.291000000000000014e+01 0.000000000000000000e+00
1.291999999999999993e+01 6.710568168454844908e+02
1.292999999999999972e+01 6.805349861788897670e+02
1.293999999999999950e+01 6.850171040931480775e+02
1.294999999999999929e+01 6.914087381970389288e+02
1.296000000000000085e+01 6.951197522619993379e+02
1.297000000000000064e+01 6.940804060471709818e+02
1.298000000000000043e+01 6.817600070285647007e+02
1.299000000000000021e+01 6.817710323394239822e+02
1.300000000000000000e+01 6.958493349955903113e+02
1.300999999999999979e+01 0.000000000000000000e+00
1.301999999999999957e+01 7.623217050706450664e+02
1.302999999999999936e+01 7.660974632695109676e+02
1.303999999999999915e+01 7.715746279290083294e+02
1.305000000000000071e+01 7.753651593702641094e+02
1.306000000000000050e+01 7.703307885706772140e+02
1.307000000000000028e+01 7.627797204320087303e+02
1.308000000000000007e+01 7.547460468588806179e+02
1.308999999999999986e+01 7.521393620424311166e+02
1.309999999999999964e+01 7.477739882931728062e+02
1.310999999999999943e+01 7.382871637015596207e+02
1.311999999999999922e+01 0.000000000000000000e+00
1.313000000000000078e+01 0.000000000000000000e+00
1.314000000000000057e+01 0.000000000000000000e+00
1.315000000000000036e+01 0.000000000000000000e+00
1.316000000000000014e+01 0.000000000000000000e+00
1.316999999999999993e+01 0.000000000000000000e+00
1.317999999999999972e+01 0.000000000000000000e+00
1.318999999999999950e+01 0.000000000000000000e+00
1.319999999999999929e+01 0.000000000000000000e+00
1.321000000000000085e+01 0.000000000000000000e+00
1.322000000000000064e+01 0.000000000000000000e+00
1.323000000000000043e+01 0.000000000000000000e+00
1.324000000000000021e+01 3.710507980252100992e+02
1.325000000000000000e+01 3.719201130349458708e+02
1.325999999999999979e+01 3.704273126038498276e+02
1.326999999999999957e+01 3.718521859382667003e+02
1.327999999999999936e+01 3.774060422929028391e+02
1.328999999999999915e+01 3.877328343491241185e+02
1.330000000000000071e+01 3.966280114762397488e+02
1.331000000000000050e+01 4.035093267321659027e+02
1.332000000000000028e+01 4.150795825827744920e+02
1.333000000000000007e+01 4.320919549652740557e+02
1.333999999999999986e+01 4.428159517611828733e+02
1.334999999999999964e+01 4.504286611267534681e+02
1.335999999999999943e+01 4.576191949919142417e+02
1.336999999999999922e+01 4.665685358448806141e+02
1.338000000000000078e+01 4.785499388106057950e+02
1.339000000000000057e+01 4.926049468515240051e+02
1.340000000000000036e+01 5.067334086785082263e+02
1.341000000000000014e+01 5.286094596258288902e+02
1.341999999999999993e+01 5.501311933613810652e+02
1.342999999999999972e+01 5.781680293803025279e+02
1.343999999999999950e+01 5.948196524697420955e+02
1.344999999999999929e+01 6.176935342483872091e+02
1.346000000000000085e+01 6.437679526993915715e+02
1.347000000000000064e+01 6.596069447144698188e+02
1.348000000000000043e+01 6.663759432149963686e+02
1.349000000000000021e+01 6.745306228168769849e+02
1.350000000000000000e+01 6.861778299464747306e+02
1.350999999999999979e+01 6.956478661637270307e+02
1.351999999999999957e+01 7.010030482149387581e+02
1.352999999999999936e+01 7.014165916778931660e+02
1.353999999999999915e+01 6.953726946938186302e+02
1.355000000000000071e+01 6.878144799764551180e+02
1.356000000000000050e+01 6.863018491629088658e+02
1.357000000000000028e+01 6.930712699158192436e+02
1.358000000000000007e+01 7.000025145140745053e+02
1.358999999999999986e+01 7.019700824494523204e+02
1.359999999999999964e+01 7.036978894354185741e+02
1.360999999999999943e+01 7.092194943126589806e+02
1.361999999999999922e+01 7.113298790539874972e+02
1.363000000000000078e+01 7.041001647741917395e+02
1.364000000000000057e+01 7.013120345655119081e+02
1.365000000000000036e+01 7.053183871201101738e+02
1.366000000000000014e+01 0.000000000000000000e+00
1.366999999999999993e+01 0.000000000000000000e+00
1.367999999999999972e+01 0.000000000000000000e+00
1.368999999999999950e+01 0.000000000000000000e+00
1.369999999999999929e+01 0.000000000000000000e+00
1.371000000000000085e+01 0.000000000000000000e+00
1.372000000000000064e+01 0.000000000000000000e+00
1.373000000000000043e+01 0.000000000000000000e+00
1.374000000000000021e+01 0.000000000000000000e+00
1.375000000000000000e+01 0.000000000000000000e+00
1.375999999999999979e+01 0.000000000000000000e+00
1.376999999999999957e+01 0.000000000000000000e+00
1.377999999999999936e+01 0.000000000000000000e+00
1.378999999999999915e+01 0.000000000000000000e+00
1.380000000000000071e+01 0.000000000000000000e+00
1.381000000000000050e+01 0.000000000000000000e+00
1.382000000000000028e+01 0.000000000000000000e+00
1.383000000000000007e+01 0.000000000000000000e+00
1.383999999999999986e+01 0.000000000000000000e+00
1.384999999999999964e+01 0.000000000000000000e+00
1.385999999999999943e+01 0.000000000000000000e+00
1.386999999999999922e+01 0.000000000000000000e+00
1.388000000000000078e+01 0.000000000000000000e+00
1.389000000000000057e+01 0.000000000000000000e+00
1.390000000000000036e+01 0.000000000000000000e+00
1.391000000000000014e+01 0.000000000000000000e+00
1.391999999999999993e+01 0.000000000000000000e+00
1.392999999999999972e+01 0.000000000000000000e+00
1.393999999999999950e+01 0.000000000000000000e+00
1.394999999999999929e+01 0.000000000000000000e+00
1.396000000000000085e+01 0.000000000000000000e+00
1.397000000000000064e+01 0.000000000000000000e+00
1.398000000000000043e+01 0.000000000000000000e+00
1.399000000000000021e+01 4.753020999451831585e+02
1.400000000000000000e+01 4.687667858569658961e+02
1.400999999999999979e+01 4.652434436399050810e+02
1.401999999999999957e+01 4.642154376107833968e+02
1.402999999999999936e+01 4.649902163683560730e+02
1.403999999999999915e+01 4.679256789907277607e+02
1.405000000000000071e+01 4.739979223278004383e+02
1.406000000000000050e+01 4.818001663541598987e+02
1.407000000000000028e+01 4.926686402680347783e+02
1.408000000000000007e+01 5.016641944901411989e+02
1.408999999999999986e+01 5.295458938313074668e+02
1.409999999999999964e+01 5.416886355384764329e+02
1.410999999999999943e+01 5.530406917832376621e+02
1.411999999999999922e+01 5.668676267387363623e+02
1.413000000000000078e+01 5.707127251646735431e+02
1.414000000000000057e+01 5.686171412786449082e+02
1.415000000000000036e+01 0.000000000000000000e+00
1.416000000000000014e+01 0.000000000000000000e+00
1.416999999999999993e+01 5.256116285204084306e+02
1.417999999999999972e+01 5.265406487266582189e+02
1.418999999999999950e+01 0.000000000000000000e+00
1.419999999999999929e+01 0.000000000000000000e+00
1.421000000000000085e+01 0.000000000000000000e+00
1.422000000000000064e+01 4.922500299023002412e+02
1.423000000000000043e+01 4.933893968618496615e+02
1.424000000000000021e+01 4.931863170502850835e+02
1.425000000000000000e+01 4.919439531878826983e+02
1.425999999999999979e+01 4.901297297343054993e+02
1.426999999999999957e+01 4.891113011644840753e+02
1.427999999999999936e+01 4.876690141943191179e+02
1.428999999999999915e+01 4.854698514027880947e+02
1.430000000000000071e+01 4.814695966337816344e+02
1.431000000000000050e+01 4.768983525371277210e+02
1.432000000000000028e+01 4.666201926523184511e+02
1.433000000000000007e+01 4.522135422787191601e+02
1.433999999999999986e+01 4.460090997249016596e+02
1.434999999999999964e+01 4.452892678234552477e+02
1.435999999999999943e+01 4.460143251433649993e+02
1.436999999999999922e+01 4.466275348899438882e+02
1.438000000000000078e+01 4.461850526606725111e+02
1.439000000000000057e+01 4.452822617572142008e+02
1.440000000000000036e+01 4.454096523970659405e+02
1.441000000000000014e+01 4.467214259576620634e+02
1.441999999999999993e+01 4.486168931384740972e+02
1.442999999999999972e+01 4.513822451347392644e+02
1.443999999999999950e+01 4.545375235049897356e+02
1.444999999999999929e+01 4.584860129935577220e+02
1.446000000000000085e+01 4.635355418270563064e+02
1.447000000000000064e+01 4.673992331429836895e+02
1.448000000000000043e+01 4.685217933124366141e+02
1.449000000000000021e+01 4.667748366681939842e+02
1.450000000000000000e+01 4.606024718895346268e+02
1.450999999999999979e+01 4.534095339529966395e+02
1.451999999999999957e+01 4.493418510119451525e+02
1.452999999999999936e+01 4.480667833389196630e+02
1.453999999999999915e+01 4.466247232924769719e+02
1.455000000000000071e+01 4.440801145439531297e+02
1.456000000000000050e+01 4.418814751957347084e+02
1.457000000000000028e+01 4.411825982540176483e+02
1.458000000000000007e+01 4.413854312307506689e+02
1.458999999999999986e+01 4.416933869108809176e+02
1.459999999999999964e+01 4.418514563332319653e+02
1.460999999999999943e+01 4.421312615032446729e+02
1.461999999999999922e+01 4.427819300882749758e+02
1.463000000000000078e+01 4.439071269210272703e+02
1.464000000000000057e+01 4.450143939987086696e+02
1.465000000000000036e+01 4.447670409660627797e+02
1.466000000000000014e+01 4.433871199574580260e+02
1.466999999999999993e+01 4.407486260251362751e+02
1.467999999999999972e+01 4.376825934721971976e+02
1.468999999999999950e+01 4.281014763508923693e+02
1.469999999999999929e+01 4.193467255394573385e+02
1.471000000000000085e+01 0.000000000000000000e+00
1.472000000000000064e+01 4.806863917380517250e+02
1.473000000000000043e+01 4.892569214418873003e+02
1.474000000000000021e+01 4.924795344707194431e+02
1.475000000000000000e+01 4.952839203902699410e+02
1.475999999999999979e+01 4.974707842781667750e+02
1.476999999999999957e+01 4.984040145013284473e+02
1.477999999999999936e+01 4.981881951184254831e+02
1.478999999999999915e+01 4.972254542823446286e+02
1.480000000000000071e+01 4.936698860456933744e+02
1.481000000000000050e+01 4.924367544872519034e+02
1.482000000000000028e+01 4.939319618919702748e+02
1.483000000000000007e+01 4.930399971882766295e+02
1.483999999999999986e+01 4.952687971323641705e+02
1.484999999999999964e+01 5.017585362407253911e+02
1.485999999999999943e+01 5.072987722706191107e+02
1.486999999999999922e+01 5.135298958515245431e+02
1.488000000000000078e+01 5.365913117721624985e+02
1.489000000000000057e+01 5.469830135475463067e+02
1.490000000000000036e+01 5.531837098791727385e+02
1.491000000000000014e+01 5.584684218210015842e+02
1.491999999999999993e+01 5.603042977882000741e+02
1.492999999999999972e+01 5.494767433730888797e+02
1.493999999999999950e+01 5.384446435278618992e+02
1.494999999999999929e+01 5.343249327890937366e+02
1.496000000000000085e+01 5.364016433948024769e+02
1.497000000000000064e+01 5.391549490815706349e+02
1.498000000000000043e+01 5.380097364553806756e+02
1.499000000000000021e+01 5.344401073283906953e+02
1.500000000000000000e+01 5.337974054325177349e+02
1.500999999999999979e+01 5.394513633234937515e+02
1.501999999999999957e+01 5.738355925817438674e+02
1.502999999999999936e+01 5.792833918314004222e+02
1.503999999999999915e+01 5.821005855930654889e+02
1.505000000000000071e+01 5.829580636029835432e+02
1.506000000000000050e+01 5.854408968243216123e+02
1.507000000000000028e+01 5.901686849865004660e+02
1.508000000000000007e+01 5.974023824934713502e+02
1.508999999999999986e+01 6.115356113309816237e+02
1.509999999999999964e+01 6.168043657883337119e+02
1.510999999999999943e+01 0.000000000000000000e+00
1.511999999999999922e+01 0.000000000000000000e+00
1.513000000000000078e+01 0.000000000000000000e+00
1.514000000000000057e+01 0.000000000000000000e+00
1.515000000000000036e+01 0.000000000000000000e+00
1.516000000000000014e+01 0.000000000000000000e+00
1.516999999999999993e+01 0.000000000000000000e+00
1.517999999999999972e+01 0.000000000000000000e+00
1.518999999999999950e+01 0.000000000000000000e+00
1.519999999999999929e+01 0.000000000000000000e+00
1.521000000000000085e+01 0.000000000000000000e+00
1.522000000000000064e+01 0.000000000000000000e+00
1.523000000000000043e+01 0.000000000000000000e+00
1.524000000000000021e+01 0.000000000000000000e+00
1.525000000000000000e+01 0.000000000000000000e+00
1.525999999999999979e+01 6.256870465301134345e+02
1.526999999999999957e+01 6.214788164613313484e+02
1.527999999999999936e+01 6.215917062836091418e+02
1.528999999999999915e+01 6.456906444825874587e+02
1.530000000000000071e+01 6.620908933229648028e+02
1.531000000000000050e+01 6.610354430999350370e+02
1.532000000000000028e+01 6.572677120647408628e+02
1.533000000000000007e+01 6.590238116025898307e+02
1.533999999999999986e+01 6.654347682666910941e+02
1.534999999999999964e+01 6.754325121387198578e+02
1.535999999999999943e+01 6.849533833164081216e+02
1.536999999999999922e+01 7.016890357021654836e+02
1.538000000000000078e+01 7.163282037761289303e+02
1.539000000000000057e+01 7.275906600644681248e+02
1.540000000000000036e+01 7.343518972620663590e+02
1.541000000000000014e+01 7.380138406838028686e+02
1.541999999999999993e+01 7.387818014779167015e+02
1.542999999999999972e+01 7.379405126107310480e+02
1.543999999999999950e+01 7.377159193529381582e+02
1.544999999999999929e+01 7.377106662348518284e+02
1.546000000000000085e+01 7.374411653388413015e+02
1.547000000000000064e+01 7.351551358957773346e+02
1.548000000000000043e+01 7.256995296848965609e+02
1.549000000000000021e+01 7.115851858663043004e+02
1.550000000000000000e+01 6.916058834530093691e+02
1.550999999999999979e+01 6.712724478719679837e+02
1.551999999999999957e+01 6.524781757439291141e+02
1.552999999999999936e+01 6.390670600444142337e+02
1.553999999999999915e+01 6.254755463840843959e+02
1.555000000000000071e+01 6.036182669260393823e+02
1.556000000000000050e+01 5.909070888715815499e+02
1.557000000000000028e+01 5.744126239582146809e+02
1.558000000000000007e+01 5.629523164744077803e+02
1.558999999999999986e+01 5.468224906609466416e+02
1.559999999999999964e+01 5.286498332978018198e+02
1.560999999999999943e+01 5.151878051615758523e+02
1.561999999999999922e+01 5.051172473499698867e+02
1.563000000000000078e+01 4.884929481280172467e+02
1.564000000000000057e+01 4.852576689665929734e+02
1.565000000000000036e+01 4.850036371520416196e+02
1.566000000000000014e+01 4.824664454187483784e+02
1.566999999999999993e+01 4.540177981110060159e+02
1.567999999999999972e+01 4.534076104794320372e+02
1.568999999999999950e+01 4.497881903572847477e+02
1.569999999999999929e+01 4.442892146912174098e+02
1.571000000000000085e+01 4.413981476387797329e+02
1.572000000000000064e+01 4.416905819358942722e+02
1.573000000000000043e+01 0.000000000000000000e+00
1.574000000000000021e+01 4.526564811099821100e+02
1.575000000000000000e+01 4.468244169065941378e+02
1.575999999999999979e+01 4.410354338769568585e+02
1.576999999999999957e+01 4.356438553112320733e+02
1.577999999999999936e+01 4.297329258903300229e+02
1.578999999999999915e+01 4.006479159335709710e+02
1.580000000000000071e+01 3.852460609286089834e+02
1.581000000000000050e+01 3.763443491586946266e+02
1.582000000000000028e+01 3.684067211676629086e+02
1.583000000000000007e+01 3.653503333150698040e+02
1.583999999999999986e+01 3.630695139322836553e+02
1.584999999999999964e+01 3.616726929459643998e+02
1.585999999999999943e+01 3.605730021247805439e+02
1.586999999999999922e+01 3.594199470953591344e+02
1.588000000000000078e+01 3.574885293634764594e+02
1.589000000000000057e+01 3.545214069299864832e+02
1.590000000000000036e+01 3.505729859213823829e+02
1.591000000000000014e+01 3.457919038438627695e+02
1.591999999999999993e+01 3.389599098046687686e+02
1.592999999999999972e+01 3.355872870879576340e+02
1.593999999999999950e+01 0.000000000000000000e+00
1.594999999999999929e+01 3.606404638194134691e+02
1.596000000000000085e+01 3.591716849932132618e+02
1.597000000000000064e+01 3.574762509592098922e+02
1.598000000000000043e+01 3.563093288304697239e+02
1.599000000000000021e+01 3.551721632902919623e+02
1.600000000000000000e+01 3.491774882901314641e+02
1.601000000000000156e+01 3.322437433808131004e+02
1.601999999999999957e+01 0.000000000000000000e+00
1.603000000000000114e+01 0.000000000000000000e+00
1.603999999999999915e+01 0.000000000000000000e+00
1.605000000000000071e+01 0.000000000000000000e+00
1.605999999999999872e+01 0.000000000000000000e+00
1.607000000000000028e+01 0.000000000000000000e+00
1.607999999999999829e+01 0.000000000000000000e+00
1.608999999999999986e+01 0.000000000000000000e+00
1.610000000000000142e+01 0.000000000000000000e+00
1.610999999999999943e+01 0.000000000000000000e+00
1.612000000000000099e+01 0.000000000000000000e+00
1.612999999999999901e+01 0.000000000000000000e+00
1.614000000000000057e+01 0.000000000000000000e+00
1.614999999999999858e+01 0.000000000000000000e+00
1.616000000000000014e+01 0.000000000000000000e+00
1.617000000000000171e+01 0.000000000000000000e+00
1.617999999999999972e+01 0.000000000000000000e+00
1.619000000000000128e+01 0.000000000000000000e+00
1.619999999999999929e+01 0.000000000000000000e+00
1.621000000000000085e+01 0.000000000000000000e+00
1.621999999999999886e+01 0.000000000000000000e+00
1.623000000000000043e+01 0.000000000000000000e+00
1.623999999999999844e+01 0.000000000000000000e+00
1.625000000000000000e+01 0.000000000000000000e+00
1.626000000000000156e+01 0.000000000000000000e+00
1.626999999999999957e+01 0.000000000000000000e+00
1.628000000000000114e+01 0.000000000000000000e+00
1.628999999999999915e+01 0.000000000000000000e+00
1.630000000000000071e+01 0.000000000000000000e+00
1.630999999999999872e+01 0.000000000000000000e+00
1.632000000000000028e+01 0.000000000000000000e+00
1.632999999999999829e+01 0.000000000000000000e+00
1.633999999999999986e+01 0.000000000000000000e+00
1.635000000000000142e+01 0.000000000000000000e+00
1.635999999999999943e+01 0.000000000000000000e+00
1.637000000000000099e+01 0.000000000000000000e+00
1.637999999999999901e+01 0.000000000000000000e+00
1.639000000000000057e+01 0.000000000000000000e+00
1.639999999999999858e+01 0.000000000000000000e+00
1.641000000000000014e+01 0.000000000000000000e+00
1.642000000000000171e+01 0.000000000000000000e+00
1.642999999999999972e+01 0.000000000000000000e+00
1.644000000000000128e+01 0.000000000000000000e+00
1.644999999999999929e+01 0.000000000000000000e+00
1.646000000000000085e+01 0.000000000000000000e+00
1.646999999999999886e+01 0.000000000000000000e+00
1.648000000000000043e+01 0.000000000000000000e+00
1.648999999999999844e+01 0.000000000000000000e+00
1.650000000000000000e+01 0.000000000000000000e+00
1.651000000000000156e+01 0.000000000000000000e+00
1.651999999999999957e+01 0.000000000000000000e+00
1.653000000000000114e+01 0.000000000000000000e+00
1.653999999999999915e+01 0.000000000000000000e+00
1.655000000000000071e+01 0.000000000000000000e+00
1.655999999999999872e+01 0.000000000000000000e+00
1.657000000000000028e+01 0.000000000000000000e+00
1.657999999999999829e+01 0.000000000000000000e+00
1.658999999999999986e+01 0.000000000000000000e+00
1.660000000000000142e+01 0.000000000000000000e+00
1.660999999999999943e+01 0.000000000000000000e+00
1.662000000000000099e+01 0.000000000000000000e+00
1.662999999999999901e+01 0.000000000000000000e+00
1.664000000000000057e+01 0.000000000000000000e+00
1.664999999999999858e+01 0.000000000000000000e+00
1.666000000000000014e+01 0.000000000000000000e+00
1.667000000000000171e+01 0.000000000000000000e+00
1.667999999999999972e+01 0.000000000000000000e+00
1.669000000000000128e+01 0.000000000000000000e+00
1.669999999999999929e+01 0.000000000000000000e+00
1.671000000000000085e+01 0.000000000000000000e+00
1.671999999999999886e+01 0.000000000000000000e+00
1.673000000000000043e+01 0.000000000000000000e+00
1.673999999999999844e+01 0.000000000000000000e+00
1.675000000000000000e+01 0.000000000000000000e+00
1.676000000000000156e+01 0.000000000000000000e+00
1.676999999999999957e+01 0.000000000000000000e+00
1.678000000000000114e+01 0.000000000000000000e+00
1.678999999999999915e+01 0.000000000000000000e+00
1.680000000000000071e+01 0.000000000000000000e+00
1.680999999999999872e+01 0.000000000000000000e+00
1.682000000000000028e+01 0.000000000000000000e+00
1.682999999999999829e+01 0.000000000000000000e+00
1.683999999999999986e+01 0.000000000000000000e+00
1.685000000000000142e+01 0.000000000000000000e+00
1.685999999999999943e+01 0.000000000000000000e+00
1.687000000000000099e+01 0.000000000000000000e+00
1.687999999999999901e+01 0.000000000000000000e+00
1.689000000000000057e+01 0.000000000000000000e+00
1.689999999999999858e+01 0.000000000000000000e+00
1.691000000000000014e+01 0.000000000000000000e+00
1.692000000000000171e+01 0.000000000000000000e+00
1.692999999999999972e+01 0.000000000000000000e+00
1.694000000000000128e+01 0.000000000000000000e+00
1.694999999999999929e+01 0.000000000000000000e+00
1.696000000000000085e+01 0.000000000000000000e+00
1.696999999999999886e+01 0.000000000000000000e+00
1.698000000000000043e+01 0.000000000000000000e+00
1.698999999999999844e+01 0.000000000000000000e+00
1.700000000000000000e+01 0.000000000000000000e+00
1.701000000000000156e+01 0.000000000000000000e+00
1.701999999999999957e+01 0.000000000000000000e+00
1.703000000000000114e+01 0.000000000000000000e+00
1.703999999999999915e+01 0.000000000000000000e+00
1.705000000000000071e+01 0.000000000000000000e+00
1.705999999999999872e+01 0.000000000000000000e+00
1.707000000000000028e+01 0.000000000000000000e+00
1.707999999999999829e+01 0.000000000000000000e+00
1.708999999999999986e+01 0.000000000000000000e+00
1.710000000000000142e+01 0.000000000000000000e+00
1.710999999999999943e+01 0.000000000000000000e+00
1.712000000000000099e+01 0.000000000000000000e+00
1.712999999999999901e+01 0.000000000000000000e+00
1.714000000000000057e+01 0.000000000000000000e+00
1.714999999999999858e+01 0.000000000000000000e+00
1.716000000000000014e+01 0.000000000000000000e+00
1.717000000000000171e+01 0.000000000000000000e+00
1.717999999999999972e+01 0.000000000000000000e+00
1.719000000000000128e+01 0.000000000000000000e+00
1.719999999999999929e+01 0.000000000000000000e+00
1.721000000000000085e+01 0.000000000000000000e+00
1.721999999999999886e+01 0.000000000000000000e+00
1.723000000000000043e+01 0.000000000000000000e+00
1.723999999999999844e+01 0.000000000000000000e+00
1.725000000000000000e+01 0.000000000000000000e+00
1.726000000000000156e+01 0.000000000000000000e+00
1.726999999999999957e+01 0.000000000000000000e+00
1.728000000000000114e+01 0.000000000000000000e+00
1.728999999999999915e+01 0.000000000000000000e+00
1.730000000000000071e+01 0.000000000000000000e+00
1.730999999999999872e+01 0.000000000000000000e+00
1.732000000000000028e+01 0.000000000000000000e+00
1.732999999999999829e+01 0.000000000000000000e+00
1.733999999999999986e+01 0.000000000000000000e+00
1.735000000000000142e+01 0.000000000000000000e+00
1.735999999999999943e+01 0.000000000000000000e+00
1.737000000000000099e+01 0.000000000000000000e+00
1.737999999999999901e+01 0.000000000000000000e+00
1.739000000000000057e+01 0.000000000000000000e+00
1.739999999999999858e+01 0.000000000000000000e+00
1.741000000000000014e+01 0.000000000000000000e+00
1.742000000000000171e+01 0.000000000000000000e+00
1.742999999999999972e+01 0.000000000000000000e+00
1.744000000000000128e+01 0.000000000000000000e+00
1.744999999999999929e+01 0.000000000000000000e+00
